695 3123
997 1130
1943 2571
1625 1724
1244 1980
33 490
144 1140
760 1651
1759 2388
131 826
721 2650
262 454
461 749
71 2577
859 2049
482 1774
764 1714
505 3009
44 2243
179 2699
426 1404
121 2515
375 2005
968 1246
2641 2840
233 1496
868 2293
1117 1334
630 2092
484 764
48 674
331 3184
1271 2203
1858 2740
599 1250
1959 1975
1458 1882
1539 2472
1508 2743
24 563
927 2034
1532 1906
146 1226
14 1303
311 2840
606 1659
341 1227
9 3141
795 2172
45 460
686 2732
664 2009
235 2895
1990 2488
200 506
333 830
280 3269
1706 2260
994 2858
288 2793
722 892
826 965
393 2668
72 2658
73 1544
1351 1363
405 1379
255 794
355 1514
1298 1867
2026 3145
269 2300
83 1383
171 257
812 1545
1507 2775
2052 2881
222 1321
115 2442
726 3237
369 2811
1361 2142
522 3108
1404 1956
988 1546
248 2533
427 2106
161 1662
720 931
1381 1700
844 918
1685 1942
133 1412
223 954
448 1522
405 2729
1090 2553
425 1099
1230 2054
995 1514
183 2652
1117 1195
1221 1350
815 1290
1103 1895
80 1938
740 2698
571 2002
941 945
553 1226
1404 2514
282 470
1367 1706
1227 2430
335 2083
1361 2421
1585 1610
991 1778
524 988
96 419
1413 1526
523 1778
1031 1790
505 904
2237 2698
842 1294
1087 1966
763 1465
1216 2361
294 1704
993 1999
693 1519
432 1744
1861 2592
549 1002
27 2530
55 1636
152 1233
974 2167
245 818
132 982
1699 2766
109 1121
1781 2659
112 967
738 945
2864 2950
1896 1986
111 984
930 1030
1091 1840
516 1384
106 1319
51 536
359 2111
165 338
271 1525
1256 2174
287 2066
1278 2796
393 1745
898 3118
495 878
1208 2859
1481 1604
1877 1919
433 961
1349 2058
86 1823
140 482
339 1958
308 2025
1391 2035
472 1294
1266 2051
240 676
1803 1941
1134 2317
983 2222
558 3112
52 1812
66 600
1068 1897
877 1714
189 950
1239 1257
948 1334
254 1660
292 2072
229 1992
2151 3006
134 866
221 2329
1613 3086
222 841
242 2006
682 982
312 2532
258 742
917 2013
721 2488
435 2005
1127 2084
53 1263
1117 1130
2013 2928
93 1665
53 755
147 2010
917 1240
1192 2650
904 1182
690 1038
1350 2151
1038 1236
324 366
995 2214
790 1030
667 1282
1759 1852
68 728
27 63
826 2294
936 2846
228 554
1242 1635
489 1058
29 456
264 1493
791 2673
1656 2648
620 1254
1108 3145
1843 2162
763 2858
393 737
2027 3154
2184 2258
939 2142
741 1258
1519 1700
78 1722
190 2673
1409 2745
876 1589
358 799
2011 2408
644 2044
798 1060
2581 2995
442 2697
1398 2122
272 1960
34 190
547 1124
456 1218
348 2594
595 1276
2134 2214
142 182
1195 1333
200 899
64 1584
1441 1499
220 2166
618 2731
1337 1782
1379 2589
501 2267
631 1108
1160 1807
711 2172
606 2092
120 2161
950 3192
1171 2049
699 987
344 967
1283 1309
34 1728
356 2010
519 651
164 516
423 2112
341 2024
300 374
18 1995
1409 1882
492 2290
134 1123
383 1726
1060 3166
170 1679
2579 3287
419 1287
946 1044
249 389
284 1639
1363 1934
509 1825
2579 2652
659 1417
3080 3208
1789 1852
1394 1853
588 1198
1408 1715
322 863
45 632
1166 3007
1578 1970
608 2589
1071 1913
1268 1504
1044 1337
300 1512
830 1080
182 1048
572 835
989 2294
967 1639
60 1543
2679 2865
395 2258
856 1759
820 1335
299 354
2123 3263
408 3010
971 2584
247 595
267 2581
1250 1873
1090 1408
1313 1688
1130 2062
304 351
221 1195
687 2741
653 2035
70 764
59 542
410 1683
83 826
1418 1489
53 551
606 2243
947 1516
409 3229
494 2586
569 1139
627 752
1051 1304
1440 2401
584 1904
19 552
716 989
456 2988
548 1068
534 1222
1635 2580
873 3121
1264 2082
2665 2849
909 2137
1851 1925
740 1789
1290 2001
1349 2028
84 2361
215 919
1292 1404
1394 2729
1145 2386
1 114
1005 1306
674 2706
1735 2175
1707 1790
1149 1335
500 1582
461 1365
1113 1913
361 718
817 2071
726 1703
814 897
622 1482
746 1604
515 1718
167 1432
279 531
554 588
1182 1669
66 209
1020 3235
1643 1970
848 2059
573 1424
16 1794
127 727
602 729
1041 2291
613 1301
391 1802
811 1351
3006 3160
888 2577
243 680
1310 1829
44 1286
749 833
506 1132
567 2343
201 1728
73 94
61 1441
1018 1798
536 2125
414 1408
1374 1995
188 379
1155 1437
58 1885
344 735
1360 2184
191 892
152 905
1136 2093
338 665
753 836
722 1725
1700 1875
659 1715
23 2067
707 1384
456 766
1285 1292
1246 1334
556 2329
688 961
1445 2977
621 2697
108 462
328 1290
827 1674
395 646
822 1068
668 1998
312 1071
1325 2107
266 1254
1965 2112
683 2169
536 1368
12 943
803 859
203 275
46 1859
210 1426
1283 1387
1295 1533
1006 2581
748 1404
679 1161
1743 1854
720 1900
217 2338
1810 1921
648 728
2012 3263
1790 2032
1481 1943
1019 3010
903 1803
242 1391
1339 2116
1424 1807
190 1555
308 1188
1443 2774
968 3045
89 2217
294 1951
1228 1815
641 1874
469 958
138 1781
441 995
310 2037
1633 1952
929 3005
578 2491
170 1917
830 3079
126 433
987 3245
652 3209
1895 2722
765 1650
823 3192
1420 2141
675 1383
420 1715
812 1445
526 1323
306 1381
116 2097
304 1292
26 386
665 1068
203 727
123 996
1489 3275
620 1772
1345 2841
840 1161
1629 2382
1425 2034
879 2096
1471 1609
553 1224
1426 2395
262 1563
2036 2971
576 1563
448 701
1285 2970
802 1404
298 524
951 1843
475 754
1208 1900
885 2085
174 632
878 940
505 1912
1144 2126
760 2461
394 1077
966 1096
870 1342
1169 1306
550 2402
707 995
381 2593
940 1365
1052 1538
1461 1793
1309 1884
1104 1537
386 1797
630 656
607 1072
231 1221
132 1301
1093 3129
624 629
802 1609
160 2532
569 3292
930 2721
35 1175
923 1112
44 1437
124 2182
380 2106
404 2813
1739 1777
27 305
2152 2768
212 1326
649 703
397 2084
907 1865
449 1441
864 1322
518 1840
361 1459
1398 1592
110 570
913 1650
158 1555
956 3306
217 983
325 2600
999 1226
732 902
208 2771
528 699
248 1879
14 1856
445 634
640 1125
1651 2712
2062 3167
145 1820
955 2421
787 2258
1459 2254
1950 2642
314 878
962 1189
232 1130
1588 2828
1926 3229
8 712
87 2081
171 1040
668 1709
1980 2293
762 2435
191 490
1306 1854
1805 3021
34 127
573 806
569 3218
92 597
465 2294
803 1229
326 1615
122 431
779 1728
715 1015
626 724
465 643
1942 2465
396 1340
1794 2925
1794 3006
140 1579
1600 2394
984 1443
1904 3116
770 3256
2540 2858
568 906
1136 1921
470 1059
53 422
14 374
47 1934
857 906
822 936
1457 2917
738 1110
1522 2925
1393 1689
124 1902
660 1013
48 472
755 826
1140 2140
753 1349
1241 1877
860 2054
1953 2648
1904 2032
583 623
823 1770
2132 2487
120 1942
562 3263
195 572
1290 1658
1308 2054
356 1555
568 3218
1405 2421
1219 2980
274 1266
616 3129
1452 1888
256 1942
408 2006
395 617
1414 1650
504 3218
518 1479
752 1710
265 936
423 1540
464 851
1169 2483
2113 3165
837 1361
608 3263
51 99
1614 1683
268 794
449 1891
475 1674
1607 1676
573 1376
817 1885
935 1870
587 818
1093 1308
357 1374
577 987
112 1738
727 2300
1325 2514
1973 2167
542 3206
126 1847
296 978
84 202
443 1569
814 1060
517 1725
1189 3267
809 1897
361 751
1465 2687
953 1404
401 1520
584 953
511 2465
255 417
1161 1392
260 1237
1263 2796
1066 2584
752 3297
216 498
5 435
110 1225
188 1471
817 2678
811 997
513 2655
506 2895
185 2746
540 913
613 1007
1265 1709
1296 2560
430 2361
556 875
1359 1822
1579 2741
464 3253
429 819
1009 1719
546 1110
509 1326
128 2283
1112 1922
301 2746
194 2340
1287 1424
913 2514
175 219
12 1059
1601 1904
800 3163
288 657
619 1525
999 2557
567 1712
944 3210
752 1998
183 978
1232 1366
64 1960
1331 1815
2581 2828
1410 1871
1810 2317
513 1650
2048 2062
1321 2639
2375 3210
2120 2401
661 1188
531 2211
691 2917
456 706
1344 2600
597 1549
183 3029
2007 2792
825 1329
186 2981
765 1715
463 2575
680 1651
112 873
680 1247
366 2438
1296 2526
169 1053
203 290
1582 3043
1220 1360
573 1192
127 1782
1610 1618
711 2065
1860 2013
755 1342
994 2000
873 1662
209 531
871 1872
825 886
2319 2430
1081 2245
395 1133
22 565
545 1798
479 1434
2380 2416
640 745
755 2739
1322 1360
420 690
290 1290
2037 2581
969 2841
727 867
199 2158
113 117
298 893
2042 2048
20 1733
150 660
688 2984
756 1832
1206 3094
411 1096
504 868
491 730
2329 2722
171 3268
1125 3006
349 468
836 2768
273 524
656 863
289 690
44 1074
209 676
19 667
651 996
942 2172
44 647
1054 1392
1534 2600
1859 2699
193 1019
1942 2133
950 1823
888 3007
1068 1711
126 474
1047 3105
1379 2630
864 1580
322 1810
950 2394
231 533
1169 2699
753 2010
908 1551
440 984
208 495
975 1997
37 377
1044 2005
124 1826
83 2060
1685 1987
185 2317
1588 2291
1218 1990
1451 1891
510 2222
1629 1941
677 1865
223 1231
252 2125
862 1083
1277 1489
547 2722
1131 2085
14 684
100 496
555 784
261 1684
1352 2417
144 1266
360 2510
201 607
1446 2491
771 1148
219 306
834 2430
94 1938
885 3156
275 3184
601 2668
929 1458
417 1979
604 3188
1663 2052
593 1435
1357 1856
885 2034
924 2652
1609 1683
538 1699
1882 3297
328 3124
394 1068
408 1798
22 1738
508 2693
8 934
679 1627
423 1015
1068 1166
684 807
115 711
741 1802
2048 2859
2176 2869
1874 3022
759 1359
1119 1951
636 1729
563 1328
809 1806
246 1138
1705 1789
1097 1228
126 1003
1651 1997
1155 1580
557 769
874 1310
240 706
1126 2944
879 1158
821 1079
481 3021
1519 1856
1412 1584
547 1699
2791 3192
1846 3218
2455 2679
244 565
337 1164
806 3118
446 1917
1083 1970
1366 2081
894 1068
418 3132
209 551
170 806
778 874
796 1649
1600 1871
100 1268
391 1408
481 710
234 549
987 2081
1124 1669
664 1326
730 2533
1088 2481
1161 1410
1519 1717
359 1000
1110 1923
1410 1656
339 425
1807 2168
594 804
117 463
603 2679
327 1007
1038 2600
119 2141
2073 2160
2851 3269
84 1932
1507 2099
692 2532
362 993
357 1138
1230 3156
625 2774
1700 2924
1138 1696
965 1027
393 2237
47 2150
660 1144
553 2800
2456 3108
741 2034
308 1946
509 591
186 1516
283 923
1195 1614
707 1573
116 2746
1185 1758
492 641
1189 1635
1598 2186
903 1137
666 2423
104 1608
501 1338
171 528
428 687
2300 2670
163 1117
325 670
794 1741
369 688
945 1221
1015 2074
1476 2132
318 941
778 1101
1614 1700
646 889
1766 2530
2553 3156
611 2361
1386 1758
51 1980
701 742
104 1767
133 1970
1039 2624
153 1394
2428 3080
3029 3079
1440 1582
827 3211
698 1218
708 1480
128 1424
708 841
1062 2648
1371 2032
303 354
413 2630
77 2382
518 572
194 1286
893 920
557 1228
1027 2642
740 1894
1091 1113
953 2435
627 666
1376 1782
180 2096
413 1699
795 872
487 1778
1066 2024
331 662
586 742
442 866
1201 2420
1014 2865
57 367
28 1185
127 975
250 1052
755 927
79 2827
2 1903
230 2814
1331 2546
1087 1496
652 2035
1384 1776
1340 2042
1504 1847
30 809
144 2857
979 1458
100 1683
1710 2640
797 892
1152 1250
196 1349
186 1091
1171 3159
948 1806
921 1335
1158 1455
410 1861
1934 3210
509 1041
2186 2352
277 1550
1169 3256
1385 2828
1254 3081
2075 3209
369 2442
950 1283
522 730
274 1256
60 252
456 862
740 1367
58 549
349 535
942 2673
1604 3141
669 1456
390 2987
504 2048
679 847
1044 2112
543 1146
29 616
620 1170
1688 2162
198 685
657 934
196 1711
1189 1198
498 1793
312 3294
1688 1998
249 1158
1185 2466
293 3209
399 2100
985 1221
338 2813
1441 1614
1065 1217
217 793
65 2317
1427 1475
181 1159
298 1921
71 1276
1246 2698
986 1466
622 1649
1360 1874
83 2625
179 1428
516 2149
34 764
2033 2865
112 1138
1643 2844
191 1278
982 1417
601 1410
89 2996
88 1798
244 2383
818 1191
2986 3188
405 984
231 319
1770 2419
352 402
838 1765
202 1039
360 486
916 2931
462 583
107 3302
703 2962
886 3041
1351 1766
113 883
28 2260
1591 3186
1248 1509
547 1040
96 120
79 1579
763 1302
826 1192
236 1917
1534 1580
338 1793
38 1249
1476 2950
1722 2533
28 1210
679 2105
1125 2766
353 902
550 714
955 1987
1795 2222
426 1117
524 1655
1911 2047
1349 1647
1919 1999
346 716
434 2343
2137 2861
1584 2540
1231 2131
575 848
1553 2447
971 1507
1200 1445
399 1112
1418 1822
235 260
377 2115
275 1239
436 700
831 3124
237 805
1465 2792
1696 2067
102 205
333 946
610 1251
1591 2438
65 532
1729 3210
110 1782
1088 2012
968 1530
531 2161
388 1898
1522 1900
442 1543
412 2294
908 1273
1110 2586
30 83
1204 1734
829 974
330 1001
2962 3016
763 1920
1388 2977
602 1711
490 2137
675 3131
31 2983
373 460
26 127
9 511
1725 2814
1102 2132
1986 2182
2060 2530
1007 1210
119 242
991 1177
1340 2920
1782 2678
1351 1384
454 563
271 3010
1493 1775
200 1363
1958 2168
563 1479
5 1004
484 609
1599 1805
584 1149
1225 1395
993 1824
2586 3104
102 1728
1341 1689
437 1940
351 1349
386 859
1145 2110
283 1633
165 1144
2025 2483
1588 1980
1775 2594
124 2448
55 1350
1052 1643
792 1366
1310 1623
389 1195
272 1986
798 1395
375 1591
932 1691
149 1803
1490 1774
1953 2168
1740 1798
532 984
600 829
942 1063
476 1924
446 782
752 1440
632 1096
379 733
64 1965
1407 2105
209 1060
511 527
1385 2813
2034 2625
24 2398
1145 1567
115 3042
1152 1173
572 1543
510 1139
583 1927
161 626
50 323
432 1930
1727 2699
789 1949
33 798
245 2319
1614 2754
1688 1961
451 3045
1873 2027
421 2560
5 924
1862 2045
243 1451
627 1450
810 1482
14 1858
534 1668
716 1985
1585 2586
76 3104
10 2840
946 2026
224 1514
985 1775
418 1039
409 578
1623 3043
329 549
660 1572
821 1130
64 766
1274 2828
535 892
1759 2408
160 592
1299 1719
294 2028
20 31
1398 1932
1776 2081
271 668
2002 2083
170 437
768 2572
386 1765
1251 1968
1127 2100
2364 2380
723 2011
1160 1384
691 1679
200 2009
535 2483
83 1004
292 672
996 2775
943 1239
950 2796
290 1016
729 1953
73 179
861 2698
240 2514
1338 2962
379 1856
245 526
728 744
448 3006
196 2540
188 856
1376 1740
249 1357
825 2560
400 1951
1040 2553
1676 2687
584 2658
1187 1410
261 281
44 2033
676 1086
794 1051
100 1730
505 893
1317 1871
485 2105
389 2059
214 1213
1374 1891
2388 2704
779 828
498 1442
196 270
780 1872
764 1790
531 827
256 1534
1231 2795
1043 1081
256 771
929 995
1255 1479
416 2840
721 1894
874 1745
351 1587
94 878
700 1719
1590 3029
361 2827
1290 3081
305 1437
207 581
198 425
1126 2094
253 1584
233 1917
991 1319
946 1926
560 2132
2841 3302
1086 1418
1420 1926
1074 1083
635 945
96 216
961 1860
284 660
1031 2792
244 987
68 1098
399 2472
542 635
1374 1944
135 1219
736 1404
761 1435
329 3021
562 1379
822 1335
242 2704
155 754
968 3245
2110 2795
455 1546
22 40
733 2924
201 3081
22 1713
1098 2546
1321 2005
761 2851
853 1423
1087 1683
1650 2042
415 1819
161 381
386 778
1052 2996
1433 2135
211 2775
2448 2811
647 2472
123 1291
288 1494
1452 3273
632 1146
66 1686
1230 1510
1658 1931
175 2092
178 359
426 902
897 945
1110 1164
231 2600
380 1619
469 1482
1253 3287
559 815
747 3049
2731 2732
312 1489
857 1069
889 1817
1000 3187
3044 3159
1592 2028
530 2706
612 1732
1197 2924
395 1349
781 1719
1010 1699
322 1613
612 1221
894 901
2073 2841
72 2416
2009 2279
511 3209
1637 2851
195 1393
1113 1540
112 1749
587 832
435 1268
965 1227
759 897
1194 1987
858 2988
1006 1119
1708 2122
395 1190
1120 1413
107 2698
1608 3269
203 1149
1969 2442
539 952
665 1748
409 3013
737 1436
961 1777
475 2580
1393 1708
27 315
197 943
1194 1721
369 2107
1451 2533
906 1655
1683 2054
1071 1581
36 1328
305 630
1489 2597
45 2428
27 1099
421 1461
1741 2024
35 708
265 1068
1130 2986
73 1583
568 1696
1178 3029
64 1282
1359 1810
79 1094
93 253
281 1244
537 1344
1640 1992
293 1052
813 1040
926 2215
143 3206
737 2003
157 318
64 249
762 1958
1358 2534
900 1225
315 1466
528 2386
2 542
406 677
956 2515
1569 1923
510 1637
2745 2984
1734 2400
147 2222
1418 2362
83 2116
89 144
1782 1872
1197 1772
191 2472
735 986
284 1870
392 1540
119 2593
915 2321
859 1046
830 2540
152 1265
136 251
1138 2348
1171 1402
455 2176
533 1099
348 2408
870 2107
1074 1376
346 735
452 2624
137 1410
512 2111
511 2641
1711 2077
993 1691
1891 2988
685 3086
923 1295
183 1544
61 2514
1461 1684
286 726
248 2361
660 2115
155 1317
234 328
731 1412
749 2057
975 1069
145 977
1822 2950
778 1341
1858 3009
1442 2892
1397 1782
462 2172
147 711
610 2013
666 2002
1086 2678
1048 2467
140 3268
406 1208
1005 3236
58 2126
815 2062
430 1682
1233 1241
875 2419
63 2032
77 2348
2026 3132
122 1588
524 768
1060 1128
142 2012
1849 3079
1742 2010
1333 3306
978 1366
786 1042
705 1920
32 599
179 1424
624 1706
1287 1600
637 1204
953 1482
701 1520
178 1549
265 1309
161 1899
931 1573
2167 3122
842 2640
1591 2267
665 1710
1127 1897
229 281
51 1807
504 2105
665 2234
779 2078
1934 2010
324 2650
1251 1253
1584 1977
109 848
192 1136
203 1374
119 620
704 1490
535 1921
1121 2033
515 3131
391 2027
912 2703
1966 2814
693 900
2814 3156
999 1882
1310 3005
80 2668
1251 2472
1052 2430
102 614
409 2669
603 1789
585 1532
631 2276
387 1052
85 675
392 2731
304 837
1636 1737
146 927
2044 2162
1271 2397
796 1054
122 423
794 2587
976 1897
1277 1944
371 1774
421 795
1504 2771
194 2028
523 1861
303 569
105 2082
327 1663
867 893
147 1932
611 1555
702 2402
440 1116
550 838
39 1435
58 925
137 795
1231 1725
493 1531
248 1775
903 2151
853 2540
513 975
107 1287
549 1159
138 3154
931 2774
454 977
312 1096
1139 1360
259 865
1533 2003
1241 2881
1802 2579
157 1309
264 2430
1718 2158
1265 3043
25 1228
483 3007
70 2075
945 2176
1349 1540
1084 1087
1151 1772
514 614
317 1588
1063 1228
873 1610
456 813
1906 2386
611 947
1685 2488
426 1613
2059 3116
1752 3218
205 423
1530 2194
1191 1704
354 374
1219 1313
1 2584
1117 1635
553 913
142 1927
166 1199
475 856
1248 2515
870 1735
1616 2171
866 1674
630 1335
872 1426
659 1998
193 2679
3010 3292
249 1537
1295 1689
217 245
870 2149
1522 1635
385 2600
765 776
203 1966
605 874
8 1860
764 2572
1530 3159
469 808
1366 2048
894 1340
171 1554
183 490
1520 2258
314 338
844 1551
26 1874
570 1939
399 2047
409 2340
288 985
398 1854
1407 1552
1522 2169
744 3121
49 2491
676 1935
147 761
1922 1977
514 813
395 1572
379 1550
1257 2119
484 2167
1843 1942
9 1870
1299 2279
2796 2827
1871 2532
425 2659
40 2149
1107 2194
905 1798
1108 1237
1250 1513
273 518
1357 1618
51 1546
643 1194
594 883
601 710
1030 2365
224 1574
1007 2722
398 3287
785 1744
687 1329
1349 3022
1363 1714
535 2457
167 2859
432 2420
690 830
722 985
279 2962
393 1527
203 1713
1066 1525
1480 2019
893 2892
837 1462
353 2741
180 3016
392 989
301 1433
96 1420
221 433
1453 1884
1210 3044
915 928
236 1211
867 1488
736 3256
1092 1620
236 245
807 1130
2134 3094
127 1793
902 1884
139 2172
165 814
362 1475
887 2151
281 1650
98 875
265 3118
1245 2001
774 854
769 3211
1981 1982
471 1533
809 1145
27 77
18 814
230 3304
358 555
2113 2648
29 63
456 2372
589 1717
295 1627
414 2971
395 2931
535 3108
401 453
679 3044
373 757
614 846
449 1656
91 2000
791 833
230 649
1457 2791
1372 1774
309 1197
99 1220
574 1847
485 636
42 318
1294 1573
740 2515
593 1753
1604 2078
968 1588
21 73
929 940
899 1278
166 927
448 2084
813 2721
500 2124
738 3006
142 1289
803 1171
880 1705
795 1957
695 2648
420 1860
1039 1142
921 1539
433 683
2011 3124
12 2944
51 324
855 2097
554 887
428 3159
1304 1462
1647 3192
653 1715
595 2032
89 898
796 2036
496 1374
442 1308
496 1924
1117 1159
635 1363
246 1952
1890 3043
460 616
1965 3013
1115 1406
1225 1922
1287 2768
593 1506
477 2971
500 1670
597 1175
2050 2597
975 2491
750 1310
522 2983
314 2340
454 702
493 936
249 1453
1054 1735
693 1741
142 2047
1682 2388
1245 2920
1685 1943
667 3080
782 1664
92 2084
624 1153
415 534
152 210
66 1276
485 1882
1647 2659
427 1151
1 1668
146 1722
384 1709
22 2052
689 1882
820 2465
66 2140
482 605
735 1334
716 3021
138 470
933 2856
119 1315
866 2895
295 556
800 837
13 231
242 2004
196 2386
630 1333
1231 1670
1020 3042
502 537
2461 3236
2076 3237
227 949
314 369
231 1303
94 2581
656 2864
839 2006
132 1069
487 1927
857 900
607 1669
679 920
1092 1519
36 1243
11 1288
749 827
365 503
62 1688
1273 2112
732 1341
1240 1644
837 863
1210 3026
904 1242
1802 2122
100 2026
1538 2931
333 1803
670 1360
95 3080
301 2222
223 1685
844 1700
922 1859
137 1802
585 2056
1519 3235
502 1322
1359 2917
737 1923
126 227
851 1199
740 771
322 1140
1301 1319
285 1519
1198 3105
488 553
311 1610
656 1291
187 1135
571 2698
967 2119
482 908
1476 1829
1060 1722
2160 2593
721 1684
848 1351
1538 2158
822 1248
2079 3121
602 2869
1633 2856
552 772
725 979
933 1748
408 991
1141 2586
2791 2856
967 1975
2074 2261
1210 1379
877 1977
1587 2874
511 872
935 1145
298 407
46 1959
9 1789
1464 2019
170 1315
501 2597
169 2293
906 3131
27 3122
764 2084
81 1661
236 1295
2417 3154
153 1725
771 1329
272 1160
403 3022
291 1689
448 1076
247 2034
36 1391
942 1978
385 395
255 2186
853 2584
547 1007
220 1978
1500 2530
2 288
586 971
271 341
853 1525
352 781
692 2051
489 1925
699 3273
73 1925
607 685
46 2048
217 828
1471 2067
1125 1422
364 1258
159 2075
112 524
567 2580
684 1258
365 1253
28 997
933 1249
244 630
774 967
26 346
791 2340
1153 1717
163 2844
345 1304
36 2813
310 1822
110 288
27 565
1850 3123
747 1459
388 1507
975 1125
470 3297
1969 2869
453 726
212 1204
151 1953
443 584
819 1139
924 3112
2014 2245
673 1950
1398 2074
498 2400
521 719
368 1015
587 1696
425 1945
635 772
1582 3170
522 3081
566 1601
96 545
651 812
1112 2586
541 2162
1189 1255
15 2483
699 982
340 2465
266 589
389 1249
321 1443
683 841
390 695
2375 3021
387 2051
315 1201
947 1225
132 3154
1116 1746
1945 3256
1427 2168
273 1274
457 2472
341 1750
471 1054
1065 2122
374 499
216 3043
1762 3156
792 1146
246 1531
863 2840
49 1440
375 958
312 880
387 699
1126 2442
1433 3268
258 1880
1583 2007
2012 2283
128 982
338 1843
1996 2986
1633 2722
633 1290
218 2060
1879 2700
844 2584
869 2317
752 1969
512 2881
871 2036
994 1232
1116 1457
486 1742
262 3132
1774 2950
361 1766
1635 1762
2047 2417
530 2925
1286 2834
637 1068
631 1426
610 869
373 1437
526 2284
1231 1997
2856 2864
398 1803
693 1829
1231 1739
1980 3156
368 1495
7 181
826 1665
215 328
290 548
1063 2011
780 3209
1736 1938
244 695
1803 2465
23 2343
613 1138
1108 2019
600 2348
442 3081
16 1745
672 2865
859 2640
313 750
41 1539
385 960
373 1098
1819 3188
172 1420
232 264
1569 3294
200 574
377 1605
142 1925
710 2892
275 513
472 875
76 1383
34 3122
141 1930
1277 1402
91 1625
52 3292
213 1351
387 1850
27 2739
701 3263
953 1578
218 817
196 1405
1342 2526
705 2060
785 1462
419 470
1858 2024
2051 2380
1002 1408
28 1422
91 437
484 2051
779 1022
53 2172
1020 1829
152 1903
726 1124
318 331
562 1969
36 1877
2343 2698
871 1379
784 1874
291 2795
238 964
592 1295
943 3209
983 2515
1573 1990
1148 1650
913 1987
1494 3167
23 247
350 1708
98 808
1118 1242
1464 2962
1313 3154
756 2754
651 1688
1019 2066
776 980
1124 1170
259 2677
1292 1339
730 1561
621 1422
771 1090
613 843
432 521
124 1713
72 2050
318 1176
836 1770
1123 2420
686 1295
339 651
1061 1782
504 1879
1395 1889
1071 2881
551 1663
1287 1569
90 2126
518 1355
938 2386
8 1996
1268 2141
1421 2950
1148 1955
851 2983
2642 2844
516 2531
1094 2073
343 2054
1412 2067
538 1001
648 1246
137 2704
1252 1615
1009 2123
680 1727
677 1315
855 1300
663 3094
549 1949
587 649
712 904
1139 1877
868 2814
99 571
41 1106
935 1670
388 3014
662 1927
732 2160
1014 1674
2294 3049
583 1355
1649 1995
471 660
41 3079
968 1765
834 2985
1283 1333
159 616
189 2007
1907 3145
267 1945
151 2149
2110 2133
33 2341
1002 1790
1691 1812
1574 2924
247 786
227 435
479 572
412 719
263 314
861 1580
569 2077
227 879
27 925
473 2006
901 1348
523 1268
29 1828
232 1271
2448 2580
576 1240
38 379
729 2703
70 161
1699 1923
187 783
2081 2652
1074 1295
601 2036
24 755
157 1458
506 2633
899 1766
337 940
257 2851
733 1917
313 1522
354 1605
198 986
437 799
854 1865
626 1609
6 1901
231 1885
1646 1944
1874 2348
1083 2124
1991 2652
368 885
86 1868
1890 2074
23 1880
1166 1778
66 657
128 738
3206 3254
31 1367
1059 1931
482 1992
817 1011
568 1843
976 1428
745 1530
179 657
133 798
574 772
333 1619
1009 2284
415 842
110 1627
826 1782
388 1619
683 2096
740 3287
323 2038
985 2630
124 900
2055 2100
1198 2245
812 1919
178 246
569 907
805 3165
173 2671
861 1215
796 2791
699 2094
699 1274
1325 1699
501 526
1607 1859
200 1702
592 1094
1185 1569
2142 2435
497 1956
2006 2345
1772 3079
699 1237
374 1589
625 3294
1133 2630
353 954
694 2420
502 2925
1537 3042
236 851
866 1874
376 711
1815 1987
1089 1355
490 1441
725 1987
369 2841
177 1385
272 1944
1103 1745
1207 1740
1001 3112
133 1395
92 1063
244 2827
280 2530
8 757
1128 2703
164 538
491 2409
1112 1600
221 1302
1016 1874
770 2082
168 778
1405 1545
2072 2382
1870 2052
858 2457
1044 1240
810 2892
146 2725
794 939
449 1148
1442 1520
2721 3132
570 2589
7 652
252 1038
633 2111
706 1235
7 1744
1388 2267
595 729
422 796
887 2361
2085 2245
664 1476
693 2455
547 768
1232 2775
1925 2116
358 2892
790 1935
524 2079
223 575
801 1398
1108 2892
191 1219
886 1608
42 866
1054 1696
547 1552
609 1160
546 1733
383 2698
286 2834
400 2215
541 1274
495 541
825 1176
531 673
38 968
997 2401
871 1019
775 3275
687 2005
54 2024
1053 2856
553 2971
928 1886
267 2428
1003 1151
1871 2652
106 701
573 1296
486 553
1170 2028
826 1843
1027 2066
60 977
627 900
562 837
46 606
706 1046
1170 2105
1455 2533
380 1754
1953 3184
767 802
1763 3123
472 1054
159 597
2024 2828
820 2214
1587 1745
309 389
583 2003
535 954
1081 2725
1008 1670
245 786
533 955
93 969
1625 3145
8 853
1090 1263
1457 1742
116 614
1022 2402
851 1117
262 1443
420 1534
238 1300
874 1639
1221 1254
1009 1496
1450 3007
572 2687
100 848
37 1660
396 3297
263 429
688 1778
201 541
1810 1997
202 2655
952 1124
940 1887
114 989
1010 1443
2217 2587
858 1763
751 1158
236 1340
521 564
488 1363
828 2375
435 3256
417 593
676 2294
804 1543
139 450
2526 2639
283 786
731 1367
626 1696
418 1088
1032 2130
1742 2791
2084 2857
681 1727
142 1375
678 2648
508 2004
1004 1806
269 1525
1235 1979
776 1495
1350 1891
218 685
1328 1685
1140 2203
1825 2996
1160 2828
1432 2258
703 1381
371 2038
1368 2217
1059 1900
573 2096
1887 2571
344 823
740 1428
144 3026
584 957
966 2074
805 1005
279 422
1696 2585
179 716
1552 1724
565 761
541 2099
2194 3104
307 517
403 979
500 2283
496 3094
1196 1721
1508 3297
860 2487
66 501
1263 1990
897 1265
1726 1773
1604 1874
757 1151
1300 2162
796 1635
343 366
472 1211
327 1490
616 2881
309 1847
534 1868
782 2864
219 1351
938 1930
904 1790
8 534
468 1885
1349 2587
1663 2084
132 1903
2149 3185
109 780
418 578
1398 3029
83 839
1394 1457
1129 1218
912 2361
1719 2670
42 1732
859 1722
402 2593
1880 2092
1475 1580
587 1790
192 2917
128 2211
856 1288
32 86
1481 1906
1861 2917
2056 2455
597 1579
1957 2011
487 975
1385 2293
1618 2472
113 2214
715 1652
178 309
424 1590
948 1941
668 2050
1951 2671
1913 2648
406 1150
1673 2200
578 2639
468 551
137 1551
314 523
501 1323
216 301
2435 3302
808 887
2895 3167
547 2383
909 2775
876 2291
1145 1788
389 1197
1867 2811
465 2917
457 997
692 887
2158 2455
20 524
73 1682
1354 1887
310 1289
13 2260
300 1982
392 1425
1437 1707
483 759
949 1635
1627 2551
1738 2800
504 943
261 438
2085 2586
154 2166
708 722
1554 2421
608 2105
276 1119
748 2699
280 1366
114 751
86 1639
1130 1663
966 1121
223 1137
733 1664
182 954
1338 1599
1404 1953
141 213
1965 2666
608 832
1394 1738
1728 2488
188 1960
725 1116
1538 1686
703 2869
1457 2483
550 2650
336 2703
77 596
461 1046
617 1513
767 828
1128 1135
1170 1945
689 2754
224 558
269 1119
43 2980
190 814
554 2704
9 886
991 2125
177 3080
462 2097
958 1509
1730 2981
1589 3287
892 1986
79 1041
862 1363
1125 1663
462 2533
995 3044
111 1099
465 1790
579 3157
1737 2428
287 1537
84 2082
704 849
261 2321
31 1924
386 724
122 3268
761 2924
922 1323
1233 3123
837 2072
1031 2745
1108 1739
318 1702
1046 1393
292 636
1402 2172
1077 1187
1888 2300
304 695
2630 3253
986 1120
484 2097
2217 2745
787 1099
1636 2176
1018 2931
1402 3245
886 888
88 239
46 2594
956 2775
1080 1874
2161 2317
198 1397
391 2435
162 534
1300 2796
85 2237
641 1355
313 1744
1072 2465
344 1367
1940 3253
419 1762
421 1126
1098 2592
387 618
416 2131
1140 2094
255 1479
44 811
870 2430
334 2679
1074 3218
333 886
379 745
240 1636
1127 2267
273 2950
1775 1851
606 3297
1072 1981
876 3016
866 2133
516 1824
68 1932
1053 1998
985 1247
1342 1446
144 2428
1092 2693
1436 1563
843 1952
1705 1999
541 2924
335 2679
714 837
675 2340
1452 1601
404 595
549 1265
869 1628
1637 1885
63 1938
117 867
169 1179
1794 3015
1683 1843
438 1607
449 3235
614 1931
325 1371
626 2722
123 1138
88 986
885 2345
611 1412
182 2222
401 1351
442 1658
1092 1958
1455 2169
1123 2002
105 1270
883 1538
625 3245
289 501
675 1368
641 1815
11 1077
72 1083
171 3304
200 2577
1578 1702
77 1515
366 1644
298 634
618 1404
834 1889
957 971
1287 1846
397 2036
411 2479
772 2514
116 240
1476 2341
414 2338
2457 2925
661 1973
528 1939
645 1312
329 2012
331 618
2258 2928
1607 1998
531 1529
886 1195
1232 1466
461 1285
1459 3185
712 2409
156 1295
2211 3108
1480 2234
1091 1636
300 515
2828 3112
286 855
685 912
841 1053
403 990
532 740
63 983
1490 2383
595 1828
1003 1599
892 1891
629 3123
1658 1712
1121 2995
883 3235
1708 3010
408 1103
365 2267
847 2044
719 916
422 1789
34 2142
10 3302
1061 1968
1142 2572
1445 2597
552 1489
886 2078
944 2002
189 842
520 2416
1581 1730
735 1744
941 3021
834 2294
460 780
820 1321
1140 1247
498 1725
1226 1471
1341 1635
1629 2082
1303 1759
201 1280
499 595
2971 3175
1198 1997
594 2056
243 1218
2739 3206
305 1771
1130 1668
282 3269
986 1664
2076 2962
693 2168
1096 2639
229 1466
1405 1735
106 1208
1243 1843
207 985
438 445
1966 3185
592 3159
1086 1526
141 1716
518 744
683 1338
1145 2983
44 1071
2169 2319
563 1533
524 1647
499 585
213 1248
500 991
280 1411
394 1323
970 1125
285 2571
84 968
99 1700
970 1353
748 1640
200 1008
1149 2597
329 1684
1715 2560
89 2222
357 775
490 819
1725 3125
102 1263
502 1465
586 2743
932 1342
2028 3121
1859 3131
138 555
1115 2099
1098 1368
319 2699
399 1245
26 460
341 886
127 854
685 1532
46 720
680 1664
47 2466
1350 2977
408 883
588 2050
1246 1681
630 962
1358 2813
441 965
1322 2423
1255 1709
77 3211
1350 1458
1000 3049
71 724
1068 1094
1211 2123
