475 2036
216 3254
663 1236
197 3154
1287 1782
592 1094
1520 1821
1197 1950
228 2035
282 881
582 1465
955 1519
2194 2924
1844 3086
99 638
364 1383
252 1806
318 1529
1351 2115
680 1158
439 444
2462 2995
307 999
40 1605
1722 1790
500 746
348 2129
577 1722
524 2557
558 1824
1130 3254
1436 2098
36 1031
334 1494
137 1146
502 1142
133 2740
657 1158
957 1207
941 1428
200 922
178 533
379 3186
856 3229
817 1242
1331 1433
54 1374
540 857
984 1537
416 1607
1015 2062
985 1709
352 566
440 946
295 2650
1047 1076
1442 2597
844 1427
765 2844
274 376
1093 2073
68 579
149 3121
683 1270
533 794
900 1549
1553 1810
986 1210
1368 1931
78 2673
1352 2995
214 2673
1890 2044
255 772
102 145
1413 1553
253 917
3015 3297
389 2841
783 2995
2166 2687
1679 1746
941 1076
346 1271
983 1986
65 3267
815 1790
40 1546
787 1412
1817 2895
737 829
979 1334
676 938
1161 1250
567 1291
915 1531
1714 3208
1204 1987
1828 1998
941 2419
955 1291
1499 2400
1370 2395
919 1322
377 1589
310 1569
464 669
148 468
1781 2161
1116 1778
417 1450
108 1531
888 2655
879 2136
650 1705
95 1420
565 605
191 1973
203 1676
1455 1561
1039 1793
944 1982
207 559
762 862
602 1480
112 468
539 578
382 1583
1228 2345
862 984
20 985
303 539
1552 2113
1296 1730
592 1349
1899 2032
776 2514
203 1861
386 1925
351 693
475 2529
936 1387
297 360
160 381
141 771
259 504
253 2731
978 1730
1138 2140
1180 1574
792 1607
769 2237
644 2169
201 844
1064 1996
390 856
1405 2438
1766 2291
562 1424
929 1418
282 888
907 1841
1007 1953
717 2581
109 1943
660 1268
1864 2592
1352 1652
134 1283
643 1627
451 1277
1733 2859
412 683
407 2746
88 422
1009 1220
860 2678
1368 2162
611 1973
253 381
437 1134
393 616
828 1567
979 3160
140 1302
875 1170
309 853
327 2593
327 761
355 2448
194 1892
911 1930
771 1957
1979 2625
1071 2442
222 1605
23 681
416 705
433 768
1016 1391
2092 2169
2215 2338
674 1660
112 1217
590 771
800 1789
134 1735
297 540
199 941
1856 2731
429 1064
944 1481
618 930
392 2394
574 2586
2097 3005
1052 1616
1334 2113
290 1482
381 2137
744 817
21 578
595 1853
325 2084
90 1210
747 2004
1958 2338
567 1149
1110 3157
411 1292
547 3116
257 611
663 2079
739 2594
4 804
578 786
2443 2852
599 2151
1077 1326
1306 1995
1968 2792
1128 2980
2035 3116
1268 1879
857 894
40 333
333 1925
773 3302
516 1084
644 1628
116 1724
319 2874
2065 2200
356 751
181 2200
667 964
553 2983
32 207
265 1781
1513 2104
1574 1772
1191 1249
87 623
354 2703
609 1273
311 1103
1295 3175
521 1832
223 2840
1587 2176
84 930
191 2149
1659 2970
1087 1337
917 1436
606 2085
2093 3132
1264 1421
1746 1767
1175 1277
611 1605
874 1453
256 622
265 269
733 1022
412 1374
1289 2005
1096 1678
323 1299
1674 1941
750 847
1670 1689
409 2283
152 1333
815 1322
355 1588
376 1422
288 869
483 1345
524 1582
505 2124
970 1703
241 411
434 548
1618 2455
606 2648
769 1635
121 371
2647 2851
259 617
247 860
1127 1797
232 1344
30 787
418 1868
637 2084
1294 2532
217 492
263 1233
1765 2132
863 1912
956 1379
1782 1931
1038 1907
161 1531
343 720
1584 1620
119 2135
1003 1328
1656 2625
336 2593
426 1884
528 557
717 1451
83 569
788 2669
651 2025
330 1315
117 1046
297 1587
73 1424
475 1868
282 1124
227 900
701 3081
103 2149
747 769
1918 2011
1890 2988
433 869
826 1140
415 2407
762 1996
443 2131
1655 2557
1251 2133
675 2740
157 3156
612 962
358 566
1345 3081
1253 1815
860 1366
2491 2741
598 2540
534 1406
329 1180
1216 1572
518 954
479 730
143 754
2050 2557
1014 2766
190 835
397 1793
1074 2725
859 1555
573 704
3021 3306
2011 2214
1323 3116
320 384
550 1295
988 1411
1844 3049
1077 2639
984 2124
49 1860
484 861
330 799
146 3268
483 1920
486 865
730 1906
165 2745
812 1211
594 1601
325 1840
286 1371
72 1161
2987 3043
1802 2234
254 2866
1917 2793
300 1006
754 1665
92 2841
155 1140
656 1066
24 1634
85 454
335 2597
311 886
2630 3236
1108 3175
1285 1464
394 1207
349 3043
964 2383
560 2099
780 1004
468 1763
913 2962
958 2078
723 3163
1584 1722
316 2162
1892 3007
32 2560
145 1350
741 2865
73 186
556 1137
483 560
906 1545
592 2142
1489 2655
1749 2261
656 1088
300 2112
308 2110
1208 3184
253 2481
1003 1532
1295 2740
386 759
373 475
530 1370
170 872
225 1982
370 2580
141 1266
1341 3079
1361 2977
368 374
916 3145
1140 3016
400 2580
702 1423
59 83
1525 1646
131 785
1246 1322
127 1303
1219 2739
416 1490
1946 2409
318 819
1880 3211
669 1041
582 1020
1375 2340
469 3160
399 2729
198 925
409 1627
1664 1767
522 1387
995 1738
145 919
294 687
746 881
645 3166
402 713
1372 2553
1658 1688
719 898
78 2472
967 3159
1550 3269
15 1064
469 571
11 2910
348 1939
403 2678
661 1064
535 657
518 2142
153 325
488 2116
460 2745
1065 1877
1673 2746
243 851
1846 2840
838 1115
1046 1958
381 2169
708 1508
286 2529
420 2051
116 871
985 3245
128 2134
371 1950
120 2382
2245 2671
747 2067
1873 2995
761 799
316 711
1743 2036
244 1765
534 1717
251 962
153 1218
1465 2186
1651 1903
803 1959
1531 1955
1239 1372
477 2340
885 1939
37 2006
1538 1615
2134 3210
134 1383
391 2546
668 856
411 1406
208 1902
829 937
317 2575
552 683
1426 1897
829 1879
119 1957
492 3209
1176 1824
642 1828
1296 2096
643 1987
286 1745
1139 2037
627 1849
473 2095
1194 3302
859 1062
1108 2161
1772 2722
1601 1609
96 1494
1064 1609
150 2985
1420 2319
2841 3306
536 1788
588 1864
2666 2813
916 922
569 2001
2319 2857
1727 1889
646 1377
140 1903
1225 1309
558 1102
1508 1921
2184 2791
591 1450
1066 1338
452 819
1285 1384
440 1142
702 2985
1519 2105
1578 1956
1489 1739
311 1312
1292 1663
266 1197
131 511
1015 1944
223 1213
582 2345
1600 2113
143 999
1462 2260
1344 2134
730 2002
2005 2146
1870 2731
156 2731
257 1374
1182 1674
1745 2869
110 1208
1061 3006
35 262
265 522
1043 1289
1120 2725
560 1886
1941 3104
598 1372
103 368
2483 3129
373 606
104 1735
281 2025
164 836
1581 1782
469 1918
407 1370
1266 1308
264 2869
312 600
565 2014
119 789
44 948
273 1767
977 1640
1466 2182
704 1540
131 588
230 2642
1493 1758
742 960
1968 2584
915 1638
1257 2184
1102 1582
4 898
340 780
672 1793
449 680
840 1770
383 566
305 2067
500 2234
31 2647
472 734
1724 1957
1353 1408
276 1074
494 962
1441 3184
147 1942
648 1540
257 1911
1359 2594
339 927
1038 1099
2 2184
831 2051
412 2085
2024 2466
616 1453
8 1674
506 1080
463 1736
10 2551
92 746
1196 2340
835 2864
1215 1748
670 1569
576 1325
1006 3112
296 580
1198 3267
278 698
1076 2168
99 875
699 1601
43 874
2174 2658
1006 1643
585 685
691 698
50 2980
106 1734
935 1076
367 445
619 966
1927 2050
65 1691
281 1650
95 1618
399 855
638 1185
1239 3026
2184 2585
749 1770
81 1068
1131 1372
62 2980
1040 3156
1123 1729
164 215
358 658
456 872
86 1135
390 1321
1705 1935
1752 2729
375 1941
545 1623
1331 3029
409 1749
161 740
46 933
738 1132
646 730
1155 1709
348 3187
296 1462
595 1481
1357 3192
729 3218
1640 3218
1128 1679
1180 1729
285 840
362 1734
905 1956
1366 1931
22 3192
475 756
1125 1614
347 386
620 966
282 1802
656 3275
976 1644
94 653
940 3009
9 1028
408 575
1440 2375
1584 2560
566 1266
116 633
1092 1572
166 2005
1031 1545
979 2149
983 1679
300 3159
423 640
160 516
1534 1888
746 1011
21 514
1054 2130
224 1798
2182 2222
43 1991
1445 2687
164 2795
268 652
457 3292
307 1539
754 2864
1634 1741
670 711
341 3185
100 1149
486 1452
1228 1295
200 887
644 1900
237 268
322 813
275 1408
907 2457
650 1397
944 1721
915 1794
833 1224
519 1437
170 1683
975 1099
933 2217
496 2133
1451 2060
150 1359
461 2746
47 1413
1151 1185
30 1567
276 727
1721 2215
694 900
1749 2658
570 915
814 1211
16 493
1432 2791
754 907
410 1140
1064 2800
381 1152
16 1239
41 2329
149 1366
807 862
638 2551
578 2864
1525 2084
37 1101
1149 2132
756 1651
2793 3156
338 532
449 484
1413 3160
1442 2294
438 2047
116 2215
50 808
2072 2533
1003 1207
350 1198
2540 2796
1393 1912
196 453
801 1604
107 2243
755 1475
1104 2858
169 996
808 1719
1959 2110
39 2134
510 1741
1640 1691
721 2362
950 1953
1395 3044
350 968
1703 1888
280 1847
1002 1455
1040 1372
550 1874
554 908
584 2586
1052 2996
554 1873
491 1661
747 3154
235 376
901 3306
1713 2119
1274 2042
1514 1589
135 430
1048 2222
693 1906
339 2479
265 1453
898 2149
638 1702
137 2388
492 2123
148 3287
505 3259
782 1353
429 1748
2531 2740
244 272
835 2317
1099 2678
299 3306
342 2058
905 921
507 954
653 2673
149 514
904 1412
1253 1580
583 636
1137 1226
996 2386
257 292
156 727
1437 2700
29 2203
1513 1610
519 801
2083 2362
252 820
164 589
1173 1251
1276 1599
648 1195
137 1491
93 535
1027 1117
620 643
181 2729
185 1127
2283 2859
1145 2924
289 1894
13 965
1046 2036
575 1573
1719 1871
389 708
1361 1678
731 1385
1296 3166
1086 1895
30 1129
634 871
285 864
1357 2116
134 1481
1959 2120
1884 2866
519 872
2514 3175
1089 1120
207 2009
328 1950
1588 1770
248 294
83 488
132 568
198 1895
312 919
481 601
990 1895
675 2167
866 2111
128 1178
1874 2407
560 1704
863 1753
1000 1822
2481 2721
1117 1367
840 2856
912 2056
1627 1689
748 2697
227 675
1061 1678
1124 2981
1585 2693
1608 2132
1643 3209
1028 1706
179 2174
539 2276
52 607
1778 1886
619 2348
1089 3022
619 1506
548 904
1452 1530
1179 1821
779 1030
300 2056
802 2174
967 1509
1637 2775
1507 2050
1066 3145
508 720
521 3108
382 693
793 2435
84 1738
12 1061
565 2456
1216 1479
854 1561
410 981
342 837
122 1047
1126 2586
935 2005
374 2026
201 1194
1395 2133
675 2151
535 2054
1437 1561
1206 3145
842 1040
1013 1391
352 793
1118 3267
987 2464
106 793
1960 2677
1462 2386
252 1427
2120 2706
2105 2869
219 3081
123 2132
219 1574
280 1578
624 722
341 942
1137 2745
528 1138
61 359
321 2678
724 1717
105 1047
452 3175
543 1810
673 1426
170 1118
281 1280
1171 1537
577 2641
554 1946
168 2483
585 1859
624 2640
561 1200
463 985
263 2105
1413 1529
419 980
714 1270
1299 2028
100 909
77 2136
1140 2024
2033 2214
913 2874
1822 1953
1899 2844
600 2779
1011 1739
715 1322
1103 2005
504 1237
443 3159
832 2152
664 1226
1418 1904
624 1815
89 621
1071 3267
601 1428
1514 2678
384 1812
933 1210
107 1115
26 38
1228 1495
541 842
199 1979
187 485
916 1476
622 759
1082 1255
994 1130
19 211
1797 2380
701 2408
1443 1546
935 1455
1599 2372
451 740
1661 1719
1185 1872
316 1589
730 1631
19 1134
619 2034
1733 2140
57 1925
146 920
634 2983
47 560
305 563
1112 2428
1998 2395
941 1681
641 862
1407 1410
662 1092
288 1895
1381 3022
696 980
1348 2625
160 1856
429 3125
1710 3292
1957 3154
474 943
427 442
1219 1890
1435 1618
557 2575
1064 2162
240 1995
969 1506
793 1898
410 1815
974 1383
850 2002
1063 2000
1371 2650
35 1038
168 651
309 391
783 2169
971 1433
117 2483
1317 2791
32 1200
510 2962
2098 3187
265 2580
59 479
1824 2652
307 3016
557 746
521 2077
837 1965
26 1164
1066 2655
1221 1794
304 1423
1294 2741
627 2987
696 1549
1405 3080
1561 2398
1292 2093
770 2167
1365 1918
1712 1821
572 2062
132 1059
1191 1404
2011 2116
384 2172
1897 2417
741 1201
801 3253
786 3235
269 810
156 1289
708 1246
574 1955
80 2768
1979 2421
1274 1798
598 741
1175 1660
115 814
1737 2100
1504 2388
399 3175
144 1526
1077 1302
266 1979
83 863
309 1410
1470 2725
48 205
807 840
12 215
272 536
193 766
238 1951
309 1102
2059 2438
493 1539
344 1609
1331 1647
601 1980
760 1115
733 1684
715 2423
152 2532
2866 3170
423 1721
604 1752
757 1169
816 1759
1957 2182
305 858
159 941
1353 1397
599 673
1093 2365
1985 2401
111 221
1619 1826
971 2546
941 2085
603 1453
390 1108
557 760
905 2175
1278 1387
223 926
630 1241
586 1651
867 2065
733 1440
58 2575
1840 2579
277 1940
1420 2864
430 1519
856 1357
314 572
258 1397
729 1534
399 1064
2624 3010
970 3166
375 1306
534 2416
1054 1868
191 533
1820 2703
438 907
253 463
903 2098
126 2172
604 2033
1847 2488
990 1551
1432 2398
1480 2996
498 1232
1569 1746
1578 3022
191 461
1798 2639
2135 2172
1059 2587
2002 2624
72 506
208 1304
181 1763
326 1462
350 2895
1441 1680
465 2739
696 1750
2258 3086
1661 1766
49 1669
1131 1736
1941 2052
624 1847
597 1381
2495 2668
355 656
264 700
1141 2673
606 1696
151 462
1372 3129
403 1280
932 2687
1728 1822
1077 1637
1292 2514
869 2386
536 1793
233 3105
2245 2348
908 1381
113 315
1294 1418
202 315
120 257
63 1865
461 2010
356 1088
713 1188
227 349
1508 2362
714 2170
1255 3245
2533 2648
173 1054
319 2983
465 2184
1441 1579
1126 2944
625 3188
111 978
315 944
533 684
1906 1922
1384 3165
559 728
334 3269
552 1409
909 2211
915 1867
148 1901
1408 2624
196 1270
511 988
812 1007
2171 3041
1946 2529
1142 1628
1054 1777
686 978
528 1280
327 1300
1120 1770
873 1490
1082 2169
73 1224
333 822
227 750
574 1867
5 803
136 1060
191 395
571 630
1578 3006
875 1702
1054 1365
370 1283
935 1194
402 982
784 1906
929 1108
2174 3080
158 861
587 604
641 1488
731 1658
267 1584
298 2007
2362 2579
562 1291
409 2447
230 3122
902 912
633 2172
241 2633
2094 2851
435 1328
841 2791
846 2084
190 562
184 476
770 1135
340 737
738 2010
18 1295
1303 1504
1513 2980
684 753
1674 1888
521 2352
672 1076
1108 1725
357 2421
940 1856
325 703
700 1860
580 969
133 304
1164 1580
1493 1544
431 1991
1117 1328
526 1696
757 868
1326 2971
683 1985
2078 2579
253 2394
798 2110
106 2267
227 2546
1221 2795
2584 2985
2162 2988
171 722
103 1093
832 1170
1423 1688
58 2461
228 2995
1584 1592
409 476
218 1867
566 1495
658 1106
515 2211
675 831
784 1771
1071 2981
687 1371
83 1598
1488 1955
342 1171
949 3304
17 1525
595 2529
426 2995
1306 1765
763 1210
360 1371
726 2096
116 401
81 901
106 1604
1142 2456
185 1097
742 953
690 2531
214 1283
285 287
320 630
186 537
471 2093
20 1828
2130 2944
1224 1620
771 1144
552 2027
309 3263
769 1219
753 1352
21 767
115 471
95 476
916 2267
1273 2448
171 1949
524 936
819 2754
448 1635
1182 1943
115 699
1674 2768
202 539
134 1018
551 2034
526 933
346 2917
50 3275
778 1391
951 3013
576 710
2700 3167
1006 3121
530 1781
708 1968
1684 1789
888 3105
342 497
836 1958
546 825
1977 2105
938 1226
477 1130
163 1402
663 1102
312 2984
1996 2985
470 2279
160 204
661 780
224 1130
1013 1702
2827 2983
1360 1934
449 1481
30 1539
39 2079
378 1420
1198 1946
579 908
1725 1856
939 1063
644 2659
1841 1900
538 1970
15 2678
1 57
813 2395
1 477
54 2098
2184 2284
872 1414
39 2131
702 860
1871 2510
481 1292
645 1148
455 2133
12 1159
650 947
117 2754
55 3245
912 1461
404 745
1940 1969
1618 3010
724 1825
802 1850
70 636
435 1506
348 953
1422 2044
1296 2124
108 1363
165 1425
699 1327
1741 2172
1703 2004
1198 1997
1088 1379
237 305
396 2987
2208 2514
1379 2455
1315 3209
1066 2375
797 993
1047 2529
990 1213
975 1195
223 2407
1553 2731
73 975
21 581
147 846
1124 1181
109 2107
1179 1540
588 1450
1841 1899
100 616
764 2011
1471 1607
865 880
594 1361
61 3044
789 2004
507 1610
356 445
92 2677
1392 2592
679 2557
442 1712
1659 2267
146 303
794 1432
987 2985
1706 2650
641 1561
2291 3014
259 626
345 1286
1370 2294
446 775
680 937
967 1985
164 3131
704 1118
2036 2658
908 1224
340 750
1125 1504
150 3259
1328 3010
244 1537
324 2079
41 66
1000 1739
60 2639
886 1001
2422 3282
1728 2488
1313 2577
179 734
791 3166
554 1302
1177 2098
2167 2700
652 3268
1329 2115
1702 1708
1014 1674
311 1619
174 941
694 1980
8 2844
430 2708
35 1069
2579 3132
702 1216
2729 3263
2211 3121
2725 3287
863 1044
1093 1412
1941 3129
425 1138
276 1584
1285 2141
1427 2074
238 751
1084 2024
37 517
476 930
405 1459
60 861
743 1061
1011 1254
576 864
166 254
704 2487
651 2260
2362 2586
807 859
2075 2182
1823 2455
382 515
460 1206
531 567
1300 1329
309 439
1252 1661
344 2532
1489 1727
1945 3080
1953 3104
838 927
355 731
191 1410
686 2060
2104 2841
164 2104
1257 1981
783 1298
360 1889
711 2036
1774 1904
786 821
1244 2173
382 2648
1115 1921
881 1282
1064 1658
183 1312
769 2364
379 1121
198 676
165 1325
618 2852
803 2530
128 999
62 2110
380 724
974 3192
1970 2111
115 1879
15 1395
114 1248
120 2456
577 763
574 1515
588 2120
1504 1656
2167 2859
253 1341
1161 1590
1398 1708
110 301
2096 2435
1952 2005
259 1679
633 1435
3124 3235
20 2111
433 930
1295 1998
95 924
108 1614
1620 1998
566 1047
1978 2375
251 1638
256 1525
168 2260
1180 2571
1124 1352
1812 2141
1951 1970
248 2003
1329 1725
861 2026
42 2151
1321 2125
441 2647
115 2345
1739 1794
1652 3163
1522 2488
49 565
134 1285
1233 1712
168 1103
932 1344
245 2712
956 1054
1515 3021
1609 1727
108 2795
473 1083
681 3123
2009 2447
580 1696
1442 2442
607 1955
236 333
900 1068
1094 1175
1957 2276
649 2731
437 1377
646 1352
411 1092
1125 2456
552 2461
404 3005
234 1160
556 2416
649 857
1457 1496
1001 1230
1683 2116
629 1434
768 2439
850 2813
421 1047
2639 3043
390 2317
1742 2630
247 409
243 2065
307 744
693 1046
1254 2380
224 1510
252 1278
552 1135
1031 1849
401 2640
421 3292
2009 3208
218 2107
696 871
325 1301
1127 2291
918 1151
1629 1981
817 1134
32 579
414 2687
2085 2099
688 3145
391 1495
350 1005
96 2400
1953 2408
704 1867
413 1749
1178 2666
1249 2126
509 2129
1148 2467
801 2291
362 746
127 1252
93 1008
395 1102
921 3287
288 507
744 2329
2000 2874
2093 2161
159 452
535 1002
985 1802
867 1944
404 2828
63 1716
364 371
387 551
1285 1935
426 1182
1243 1501
1759 2019
1309 2341
1432 2669
269 1177
1423 1901
1043 1772
189 257
82 1018
128 1089
1180 1614
626 1529
267 2397
916 2793
245 1253
407 2341
367 577
527 627
3167 3237
356 2624
1235 1949
409 2135
220 623
1777 2910
92 1886
410 1259
1618 3105
404 956
253 1532
785 1177
1515 2081
298 1715
907 2388
616 723
189 1381
2435 2813
538 1298
780 2560
248 752
179 1803
587 1169
491 535
687 1683
1379 1935
2034 2072
522 1803
832 1531
867 877
420 1352
514 794
833 2107
812 1256
307 676
216 1296
778 1455
589 1682
37 1686
1335 2531
1115 2386
508 1013
2059 2791
139 1038
416 1423
748 1686
666 3014
916 2059
1256 2119
651 863
559 789
1609 2234
1534 2397
250 255
344 1661
202 778
9 1222
1054 1508
39 554
99 1170
374 1450
1965 2419
504 1601
722 731
571 2455
102 2085
1329 2706
1885 2290
1217 1402
65 1949
365 3156
214 484
301 2546
216 656
449 1018
583 2925
373 2704
107 2546
674 2856
216 1637
277 3014
518 1898
177 559
675 1740
347 401
383 1913
672 3042
618 1851
82 2343
1782 2488
258 828
652 1251
632 2054
201 3116
420 829
349 860
500 1125
554 688
330 2092
742 1728
419 1704
536 867
1555 2400
227 1009
773 3170
70 2151
202 1215
1098 2160
1076 1592
935 2687
2038 2585
357 3145
180 983
758 1366
465 1291
705 2725
658 878
643 1451
268 1858
555 2560
752 2428
315 1635
54 2152
2161 2743
76 414
785 1353
160 1300
1181 1555
2071 2729
171 2260
622 2382
1099 1537
90 601
149 538
708 2766
693 3123
1040 1584
2779 3256
823 2586
1087 1201
520 660
431 1581
380 2258
1970 2447
930 1946
968 1538
1140 2038
256 341
46 1744
1865 1872
1196 1999
1042 1982
214 1499
1550 2011
275 700
318 437
276 849
1019 1868
618 706
1582 1725
1728 2174
769 1722
164 2487
1754 2079
1398 1540
1409 2152
140 1071
1489 2852
1273 1286
380 1774
1691 3041
1135 2049
219 303
496 3306
613 1242
1898 2439
647 2028
171 270
745 2624
501 2161
16 2092
988 1179
33 1529
1128 1708
1102 1141
720 1008
217 2597
1563 2033
1063 1773
51 88
426 1762
641 3292
1377 2792
880 1732
331 1898
157 2766
1374 2019
695 747
753 1310
26 2267
190 2067
250 703
1076 1104
247 1410
783 819
238 1374
76 216
253 592
66 1315
565 1218
1591 2261
220 1204
666 1135
2284 2483
210 2168
1902 1922
2375 2811
354 957
265 586
223 2846
714 1934
550 813
767 803
1452 1455
84 2050
1201 2006
1391 2741
109 1885
400 1027
1268 1932
435 1711
676 1355
54 282
1090 2260
90 1766
695 2858
2116 2560
1387 2293
579 2095
1152 1428
1434 1525
635 877
1038 2082
1233 2577
20 502
887 1479
509 1509
1215 1423
1906 2004
423 1891
307 1967
437 2487
1277 1563
238 1488
320 1877
1712 2592
887 1879
132 967
169 712
640 1605
513 2438
347 819
477 1191
1479 1846
229 1129
1934 3121
237 1345
177 2394
851 1628
475 1392
937 2126
621 1005
183 1069
2122 2534
1241 1537
542 1229
979 1309
76 151
29 3080
585 846
799 917
243 759
28 2791
90 1149
350 1239
339 982
5 2443
1379 1665
62 1345
938 2049
419 2340
1299 2944
316 1995
1411 3123
579 733
728 856
41 543
627 969
95 885
1358 2161
452 521
3080 3094
183 1968
170 536
1414 1996
1292 1368
301 782
276 1065
23 1427
792 1329
418 1108
2077 2532
435 1210
762 1224
399 1882
516 1182
260 1540
1065 1867
412 2464
246 1763
314 1128
473 1721
1490 1534
429 3208
739 1554
1295 2375
778 1113
668 1434
319 1359
1590 2800
71 1133
518 1802
1740 1790
908 2439
107 1856
1252 2483
859 1952
1912 3016
1504 2668
80 515
681 815
1844 2795
1543 2766
105 1726
1923 1959
773 1877
168 763
2491 2532
453 1732
441 1005
534 948
238 848
1219 1459
578 1480
485 2421
1712 2828
618 1258
624 690
797 1875
1634 2388
406 3129
65 1210
1999 2208
778 1375
961 1919
1319 3141
172 1815
1348 1868
1148 3297
286 313
184 1068
633 2585
1960 2971
1619 2383
1345 2050
284 378
935 1166
2666 3210
1132 3043
835 1859
334 1198
1 341
1745 2294
309 1717
2053 2495
1140 2630
1265 1911
162 2372
1241 1520
1001 3269
795 1740
1248 1414
2703 2779
183 2119
906 2169
128 421
292 1185
255 1450
151 1344
768 944
1406 1853
1579 1704
1229 1563
162 589
744 1525
878 2267
962 1719
540 2158
1190 3218
446 644
416 1319
1572 2033
1350 1934
917 1822
2049 2864
1980 2329
1509 1927
661 1244
1375 2793
168 679
2009 3094
33 1323
1115 2430
347 1968
359 1257
574 1758
651 1746
528 1482
83 1335
440 1856
711 2732
856 1985
1699 2211
41 979
1076 1633
561 812
1019 2472
774 1918
126 775
179 1159
160 2655
1840 1946
905 1759
1481 3157
1335 2258
1452 1771
401 1850
1306 1349
1090 2141
1028 1301
1745 2025
1108 1409
162 3145
1161 1991
646 1291
486 1008
290 1104
523 1872
76 1533
759 2341
1004 1159
54 678
1508 1912
166 2881
501 1410
337 933
2142 2510
147 670
661 1011
428 2977
1724 3237
660 722
309 2546
1171 1679
682 3132
473 1215
1957 3159
1662 2105
1395 3263
1190 2844
256 2136
288 2731
154 322
80 2137
1767 2006
281 1442
465 2011
1425 3254
1711 2400
249 2106
279 328
1569 3141
457 2211
1494 1890
1440 2461
374 820
1053 2049
1412 2014
246 683
1022 1189
108 394
439 657
965 1450
392 836
689 1228
842 2420
1442 1788
364 2572
2038 2766
421 1973
803 907
1679 2678
1215 1793
779 2397
873 2001
674 932
823 944
469 828
135 2981
787 2455
221 565
1537 1890
427 538
184 733
589 1638
983 1822
65 325
698 809
803 1705
1115 3022
415 768
2768 2869
871 1058
130 1961
1011 1820
816 875
213 1572
875 1208
64 380
501 2092
1763 1941
1889 2457
355 902
571 1136
1007 1265
834 1728
1668 3160
810 930
527 1797
874 1121
865 1192
99 1030
1301 1871
402 1750
663 1646
192 656
245 1434
1256 2113
806 2284
510 3275
870 3145
1574 1898
319 1494
268 970
893 2200
65 128
566 1440
2290 2448
695 1932
860 2841
1414 2110
849 2019
1315 1479
556 849
2006 2073
184 1533
553 2925
215 2003
613 2572
77 252
88 2693
395 1975
57 1623
169 1713
378 1794
73 487
1951 2267
141 1951
269 1201
108 1587
1496 2132
142 2439
2134 3236
834 1245
1676 1874
562 1276
213 1315
275 1852
305 2100
181 610
486 1303
632 764
42 2841
538 580
1686 1940
54 2970
1710 2338
2172 2706
664 1772
915 2467
1309 1934
146 1887
2546 3029
175 925
2105 2448
499 570
692 1058
151 2394
240 918
2119 2861
2208 3273
682 2977
294 1278
1352 1500
1572 2729
493 1292
301 1437
5 3131
889 1935
38 1563
72 185
428 641
1315 1753
1082 2639
481 1370
238 672
774 1807
1919 3081
1722 3026
678 1525
1120 1714
1263 1832
1985 3007
693 1721
753 808
876 1826
1091 2012
1306 1532
259 1161
1660 1946
879 1170
758 2317
1287 2699
1166 1296
1872 2027
82 1852
498 1789
1121 1499
1161 1169
1102 2067
632 2100
1189 2319
456 3026
240 2283
481 2075
169 244
82 542
1317 1744
587 1495
2113 3165
436 1773
401 1410
265 1134
834 2456
828 1737
198 2739
472 899
672 2028
787 823
456 1644
30 3218
867 1093
538 2828
299 769
268 599
726 2260
266 809
2698 2706
521 2455
40 746
169 3235
133 3287
604 3094
732 1629
2343 2461
540 2597
2062 2300
66 2795
356 2095
1283 1537
227 2009
643 1504
2977 3086
567 1858
424 1405
848 2774
693 2106
496 2099
395 788
1534 1629
193 388
2557 2581
594 2530
291 1295
557 1066
989 2119
1414 3010
299 2840
1924 2395
1727 2698
359 2124
278 558
490 1159
254 685
1975 3267
906 2851
1066 1895
830 2211
880 1601
563 877
462 837
862 3235
1880 2380
173 901
977 2152
505 690
510 1636
348 543
976 2971
677 1631
1896 1981
148 812
499 2858
1600 2584
431 1890
568 1897
579 2892
1775 1888
1634 2447
540 1631
792 2060
364 1115
35 272
797 1706
199 1027
1527 2083
14 1530
1685 1918
1290 2319
86 1014
1083 2944
911 2648
1773 3304
1581 1613
197 1620
1891 2699
300 1417
212 1372
1461 1775
603 640
725 2984
951 2917
886 2099
737 1319
1519 1812
1639 1891
393 2397
580 2408
780 1139
85 2050
1427 1465
94 647
42 1759
1323 2055
177 1178
1239 1957
233 828
1107 2110
1352 2005
472 1884
498 1614
780 1190
457 805
389 1218
1153 1288
222 945
421 733
1217 1489
2648 2874
148 219
1940 2708
797 888
1077 3049
134 292
199 1957
2439 2677
1554 2828
130 576
435 1358
30 828
760 2186
912 1134
285 534
811 1187
976 1244
514 575
279 1150
473 661
1164 1546
238 1086
11 956
808 3188
721 2852
629 702
393 3157
819 1955
2745 2892
528 1331
257 1176
1043 1144
1126 2514
275 2174
1011 1074
750 2697
560 2443
413 3210
718 3259
986 2055
674 726
1038 2175
604 1251
1375 1658
610 865
1299 1546
1738 2540
610 1079
601 2439
82 282
256 1413
1241 2078
182 416
840 1856
112 840
2925 3013
1782 1875
478 2551
693 870
993 2019
120 1248
607 625
387 2398
1707 2096
78 1724
932 1031
71 1499
1856 2530
48 1501
239 753
660 1218
327 1206
683 1236
463 2813
851 2092
813 1510
657 1567
912 2169
140 239
1815 3187
825 1500
645 1298
1714 2693
1351 1744
88 1815
1188 1282
955 1068
2571 2706
944 1973
440 1703
284 638
98 826
95 1817
99 406
1302 1353
470 2439
532 731
322 1124
1932 2059
855 1119
651 1217
178 1108
310 1286
673 2027
403 1051
283 1398
923 2526
359 2540
1348 3254
340 2184
371 2129
470 1276
930 1920
1459 2258
924 1383
825 2329
1113 1583
575 2448
711 1053
2245 2581
689 931
29 460
1899 2859
2098 3186
938 1081
5 518
1445 2796
338 2557
135 2151
190 1932
213 3132
485 1488
495 902
323 1229
122 1186
269 1153
231 1080
1117 1178
1013 2766
853 1453
1206 2167
993 3131
753 1685
119 689
658 1294
247 2865
502 1247
52 827
1242 1351
1020 1999
83 455
683 842
508 1567
833 1490
663 2048
702 1805
854 1897
722 3116
717 976
359 2131
619 1696
1583 2317
384 2439
898 1696
2 1046
260 937
1507 1788
773 1372
344 2162
305 1063
638 1856
1669 2487
1704 1762
1461 1888
1918 2340
495 804
378 1628
629 952
2382 3188
89 1412
907 1949
371 2136
32 1826
1144 1996
7 1952
659 909
708 1082
1889 2962
200 1039
872 1164
762 1826
653 2135
14 2258
850 2587
2092 2364
409 483
1376 1643
11 2768
1322 1496
1236 2526
41 1716
1381 1582
1139 2000
2267 2984
285 904
110 1030
1334 2184
192 1587
1980 2796
1302 1897
1259 1598
1074 1418
521 571
348 1274
83 1030
1480 1921
439 1516
400 2077
1775 3043
282 872
2186 2345
512 3160
1773 2067
126 1532
560 1243
1054 2671
10 2067
93 2741
227 1068
472 1546
952 1144
562 2439
48 2300
80 2920
1886 2625
96 3156
513 1321
1149 1204
751 846
430 725
1510 1631
37 505
798 1149
1632 2173
721 1673
85 2531
915 2699
92 881
181 2704
2203 3237
333 1522
1370 1495
187 2400
150 274
2284 3297
25 1828
1762 2341
296 898
1128 1295
1051 3041
105 2011
1345 1425
1175 1397
553 688
1107 1358
198 2137
603 1499
1749 2630
835 2026
30 941
188 1977
147 2584
668 1030
593 1138
1039 1392
811 1703
115 3256
141 535
840 1140
627 2006
483 1044
64 251
1151 1164
210 1445
1730 1902
1939 2655
267 537
357 1391
1433 1499
1821 2419
416 759
2394 2983
149 641
1414 1826
706 1042
551 1661
270 437
755 2732
522 3016
309 951
1041 1817
83 157
404 1765
1221 2400
538 2698
242 704
1273 1476
360 3129
28 2796
729 2673
405 1895
380 980
1619 3211
957 1795
1664 2768
233 582
230 479
656 1340
1030 1166
1513 2640
1655 2397
1274 1865
1 1040
497 1519
276 1276
186 1299
1200 1737
833 1634
479 2928
461 782
2 1294
37 1200
516 693
536 2766
1711 1904
1218 2078
949 2112
1563 1668
233 1064
194 773
679 1470
1072 3268
100 144
1773 3081
506 1088
8 120
1088 1646
1106 1302
1873 1894
254 1663
724 1640
997 2729
213 660
2341 3159
798 2630
3206 3287
1226 2171
2243 3104
1539 2174
216 3010
985 2362
892 1065
293 295
977 2094
60 2152
543 1661
1087 1182
135 380
122 2400
189 832
573 1190
706 1265
1098 3049
472 1011
1344 2217
1081 1465
2004 2009
200 242
1016 1339
117 1102
79 668
1089 1182
1303 1513
1546 1771
905 2160
85 771
392 855
443 1098
503 950
1873 2129
504 889
941 2679
748 1043
879 2012
1614 1921
584 2754
782 1810
688 837
440 498
1725 2167
292 545
210 524
212 570
2124 2869
199 1451
213 2362
1309 1413
471 1441
492 1153
1208 2970
1219 2394
303 481
2 758
970 1589
927 1952
1006 1192
2123 2443
1002 1170
329 2014
333 772
449 474
373 1531
486 772
892 1715
278 1074
1623 3132
501 634
564 2375
262 1872
400 1128
201 779
1104 1376
46 3116
385 1979
10 2120
1227 1873
1106 1789
1079 1506
523 1030
1806 3237
355 687
1618 1999
1736 2841
142 2793
128 1256
542 1953
398 1433
489 2329
348 377
123 1627
993 2428
803 2097
390 985
207 2448
219 502
147 2532
263 2546
98 1426
2402 2467
42 1065
1019 1414
1370 1890
1116 1274
1191 1355
2044 2857
375 1015
1039 2895
1392 1623
616 2725
442 3206
599 1629
619 2428
724 2841
823 1099
99 1717
770 999
1578 2217
634 2546
875 3254
2007 2795
864 1271
472 1097
908 2650
894 1186
1159 2995
1329 1772
147 446
569 769
496 1404
482 927
1101 1740
1508 2258
642 2834
958 1950
689 2988
750 851
1091 1422
346 2004
24 504
1608 1763
369 1832
1600 1759
213 2032
400 2294
491 1894
440 2642
681 924
159 501
737 1537
193 1189
173 1906
487 2985
269 270
26 3022
248 351
1771 3187
653 1250
2028 2395
326 703
893 1880
822 1368
130 2455
290 2443
830 1527
765 1683
693 1225
994 2466
1580 2267
320 1961
749 2892
317 905
1464 1767
1995 2053
326 876
462 1652
15 2126
1232 1388
1232 1352
