9558 9602
9534 9615
9525 9579
9531 9560
9531 9563
9521 9554
9517 9527
9542 9568
9608 9611
9533 9546
9568 9637
9579 9588
9545 9554
9594 9608
9624 9641
9574 9637
9518 9545
9621 9639
9549 9574
9565 9568
9529 9578
9550 9639
9525 9551
9561 9600
9546 9606
9537 9605
9622 9641
9565 9598
9598 9604
9518 9529
9535 9539
9518 9630
9590 9632
9569 9605
9535 9633
9533 9538
9562 9589
9611 9618
9573 9633
9531 9557
9575 9592
9599 9636
9537 9616
9604 9638
9526 9557
9574 9581
9605 9615
9554 9600
9533 9637
9553 9579
9553 9596
9544 9594
9584 9597
9517 9559
9521 9548
9600 9625
9534 9637
9590 9640
9559 9620
9536 9546
9524 9623
9572 9604
9561 9566
9526 9635
9582 9605
9594 9599
9526 9581
9567 9585
9597 9612
9558 9640
9605 9619
9577 9597
9580 9633
9551 9639
9552 9578
9552 9572
9591 9613
9532 9577
9517 9596
9564 9623
9521 9607
9596 9603
9559 9593
9595 9621
9537 9552
9611 9623
9560 9624
9585 9606
9577 9634
9523 9616
9541 9603
9581 9585
9586 9588
9526 9562
9539 9565
9553 9637
9563 9584
9633 9634
9533 9549
9563 9622
9535 9611
9531 9627
9530 9557
9541 9586
9599 9634
9552 9612
9617 9627
9533 9550
9548 9612
9519 9526
9531 9589
9586 9619
9527 9552
9517 9526
9539 9605
9518 9556
9561 9604
9624 9626
9525 9582
9586 9606
9533 9601
9555 9605
9529 9592
9569 9583
