573 2467
1313 2235
723 1904
469 2179
948 2266
675 2251
118 319
575 2208
245 560
1267 1472
414 1038
60 2539
603 1534
766 870
112 1204
1255 2546
506 2200
639 982
2075 2368
484 1880
1598 1843
4 1374
1764 2066
676 1122
838 2051
969 2539
676 692
1899 2582
1701 2433
51 1996
175 413
12 1458
398 2679
421 1917
377 2598
314 942
861 2691
134 1535
1858 2381
84 1365
1725 1842
1004 2039
208 543
570 913
462 588
845 1399
1842 2507
316 2500
381 1690
46 1208
535 662
400 419
2221 2379
1432 2053
1269 1311
555 823
1810 2011
524 1346
804 1750
1458 1761
718 2365
1484 2431
837 2460
173 205
631 2212
229 459
257 282
956 1679
1966 2201
499 731
334 1321
960 2432
316 1499
1115 2484
1027 1427
2405 2639
1456 1556
717 904
375 2217
766 2674
1342 1857
331 1051
2104 2494
1111 2314
481 1768
270 1190
1536 1793
780 1391
306 1679
10 2421
1447 1812
671 1023
1281 1811
764 1359
304 1903
1039 2392
1491 2058
1230 2678
1502 1617
269 2005
1015 2608
167 406
573 1295
107 1659
298 1810
120 2672
362 1611
770 1716
116 2637
471 1002
440 2076
141 2179
2021 2316
1393 2174
1781 2039
523 629
673 1358
30 483
829 2522
523 1094
352 2688
384 1056
1042 1189
1546 2403
562 1920
435 513
343 2620
1615 1964
211 909
1226 1440
682 1878
526 707
1066 2579
937 1840
477 877
1849 2642
959 1915
1590 2707
867 1702
476 1663
2476 2556
399 2140
1431 2630
538 2479
1072 1704
65 1529
795 2327
1671 1903
999 1144
1223 1239
1200 1730
171 1619
1428 2007
904 1616
1680 2500
802 1524
1696 2321
300 2468
443 1390
128 1297
764 1691
361 415
1342 1723
71 573
2004 2458
491 1306
1914 2568
1331 2057
869 1953
667 669
1341 2266
1802 2628
1222 1605
1725 2119
1525 1788
2145 2559
2203 2497
2169 2429
315 1863
170 779
895 2393
17 574
1301 2370
1229 2296
715 2080
750 1497
798 1984
300 2547
1900 2156
359 769
1478 2643
209 658
1901 2406
2569 2661
389 1965
613 1124
692 1498
827 2531
316 1065
220 388
465 496
1389 1429
1909 2037
999 1230
1290 2133
600 1369
557 628
2046 2250
304 580
206 2599
986 1588
582 2224
659 1861
946 1872
2502 2671
652 2609
381 452
1018 2305
922 1673
1149 1914
836 964
1261 1567
833 1703
499 1386
256 1796
1886 2216
183 194
1068 2445
211 2635
993 2464
334 1619
182 1629
226 1920
240 1360
1281 1468
468 847
296 2409
952 1708
760 1628
534 2283
900 1933
61 1733
2074 2220
1796 2245
922 1537
947 2677
29 419
184 661
352 1605
126 2620
141 1516
368 902
1601 1733
1605 1958
145 1194
777 2491
1901 2559
1383 2348
889 2050
331 1235
240 2390
999 2500
1880 2409
1763 2490
1536 2643
1137 1669
183 384
1853 2464
867 2080
270 659
216 244
412 1753
662 1008
321 1767
2328 2511
203 701
637 1920
1118 2497
1233 1389
97 1519
2434 2448
611 1489
183 240
634 1371
950 1385
96 1335
460 2454
198 802
377 2631
2086 2687
1410 2207
1410 2127
1330 2532
1538 1606
1461 1601
113 2654
455 1934
1438 1705
47 2601
1004 1119
46 183
206 1338
288 1217
704 1487
430 2481
61 1168
1436 2096
81 2671
369 2552
945 1628
759 1293
1460 1648
2112 2538
937 1966
124 1481
1694 2674
852 1959
116 1339
490 2185
1353 2262
1188 2198
611 2032
370 2335
730 733
170 1936
465 627
1155 2628
1365 1483
2211 2468
551 855
346 1693
1612 2497
857 1815
694 2462
92 2346
2467 2525
1007 2109
755 1866
537 1289
619 1491
1125 1241
476 1492
1976 2554
894 2130
2479 2584
1212 2601
2163 2390
526 1969
334 2593
1174 1221
822 1265
867 905
651 652
814 968
782 1797
1122 2497
301 2457
566 2631
226 786
487 2531
801 2056
1219 1820
336 1541
456 557
151 2644
1565 1968
1294 1637
2054 2093
2000 2274
2240 2589
255 2130
235 663
1581 2177
1912 2611
31 2605
810 2417
738 1522
29 1541
695 2147
1285 2400
1623 2346
829 2199
1171 1829
569 2188
2655 2708
1397 1896
93 1580
1273 2616
793 1413
752 1082
199 494
157 856
1404 1453
446 2600
728 1512
1024 2556
1261 1344
670 2003
1940 2172
110 1385
770 1673
524 2102
483 1922
922 2014
42 753
1467 1849
1399 1979
1486 1959
298 2613
2028 2448
143 1754
146 697
1340 2052
671 1920
516 2114
1368 2537
962 2679
394 1692
627 2059
1053 1324
124 2268
1139 1822
565 2124
1295 1719
33 832
2531 2683
1207 1251
2398 2503
412 1904
1156 1419
606 1820
1005 2512
821 2257
516 1179
700 1979
987 1512
807 1729
208 2490
436 729
222 1770
2420 2533
1750 2631
863 1034
1365 1777
1301 1584
1675 2558
1298 1904
2151 2686
931 2407
919 1450
148 500
1032 1428
960 2425
16 1858
884 1342
55 1887
1462 1932
30 1072
1308 1655
1558 1610
436 1525
124 1121
1202 1272
2631 2635
895 1084
1083 1452
1305 2631
627 691
833 1947
733 2162
734 2433
42 1369
1480 1615
1466 1935
528 694
228 1470
2039 2546
154 1382
1444 2294
148 768
460 911
480 1131
1230 1871
1643 2484
1529 2198
635 2519
63 633
244 1774
1313 1808
1793 2675
1282 1685
58 1315
963 1252
79 1440
1242 1993
243 1902
2114 2369
801 2570
1327 1725
597 945
313 1825
124 1017
1063 1131
1491 2358
1021 2044
616 1298
868 2230
583 1155
849 1786
64 1564
1399 2386
351 922
1649 2035
1591 2040
1889 2363
523 2441
743 2608
527 995
558 1646
575 1041
1686 1942
1924 2642
382 1216
1954 1985
49 864
1362 1772
859 1923
780 1276
330 2661
21 393
447 1141
1585 2697
475 2575
687 2026
118 450
877 1601
1719 1726
1041 1335
115 821
59 2196
564 1082
1841 2095
1506 1584
827 1740
1788 2550
884 1963
83 1375
453 1178
1607 1911
369 1025
1667 1988
666 2368
697 1410
171 1201
229 2273
1012 1276
300 1385
2039 2652
625 2552
398 2533
1398 2073
2196 2284
1308 2306
1460 2338
715 1687
1430 2522
1343 1352
984 2346
253 2647
318 2285
628 1302
140 2323
116 807
844 2561
1095 1532
186 1685
834 1871
324 2293
1038 1978
1015 2259
165 1229
557 1886
302 483
606 1629
560 2375
1118 1527
35 2300
602 1004
1652 2235
729 2487
1985 2256
747 2227
1680 1798
1706 2506
1325 1373
1154 2348
101 637
1604 2365
430 2550
75 1730
476 1551
647 2615
1143 2054
2327 2503
1506 1550
121 1515
984 2626
321 1534
455 2072
2497 2663
1562 2690
256 2440
639 1969
1863 2672
226 2283
110 1753
1039 1568
134 1635
688 2249
1424 2356
799 2245
861 2658
706 1654
830 1192
77 1082
1260 2406
767 953
1288 2271
605 775
129 677
922 1755
1473 2037
1339 2091
133 2266
169 1789
1051 2689
314 953
2587 2687
772 1395
1205 2564
1104 2690
225 276
942 2320
1245 2318
652 2146
262 1519
2005 2571
878 2211
42 1649
1663 2023
470 2444
465 1062
1434 2678
2344 2370
221 1318
1611 2412
1195 1976
1366 1602
411 694
1483 2204
541 735
1622 2448
174 423
1065 1376
680 2271
1108 2342
622 2040
2295 2430
1232 2460
639 2361
706 1339
698 826
1689 1832
310 541
1642 1691
229 1955
587 1402
600 1623
1338 2354
732 2197
2362 2671
855 1420
842 1281
2559 2665
1057 1098
634 2488
165 1968
920 1838
468 1841
625 1849
1337 2399
1640 2281
874 934
386 926
2384 2611
1224 1741
1390 2644
269 2521
750 766
1056 1612
977 1181
37 1089
1135 1642
1285 2200
631 883
154 1541
630 2096
1292 1643
257 786
1099 1133
646 998
417 2098
332 1411
987 1673
1329 2661
1308 1563
1692 2563
1136 1720
1225 1389
98 119
1163 2676
2270 2275
215 2377
1279 1774
472 2317
2308 2588
477 2051
1772 1993
256 1123
118 1631
2153 2508
848 2260
1701 2463
603 2681
719 1972
1590 2558
317 586
830 1196
1000 1175
310 1341
1299 2090
45 1873
360 389
1110 1671
696 1063
1275 1302
2420 2479
1627 2047
1404 1970
5 612
1941 2312
2253 2447
1008 2045
253 2691
124 2606
370 1612
702 1286
1549 2646
498 2477
1233 1259
1031 1450
1291 1657
65 2087
692 2307
1 1206
1558 2377
1381 2138
471 2630
281 1498
257 1796
297 2675
467 1972
1452 2074
936 2206
1211 1927
911 1255
436 1083
294 1299
586 1090
1262 1815
1020 1681
244 2417
148 2341
99 1045
739 1725
46 467
103 781
494 2273
751 1193
126 1667
2004 2197
832 905
852 2708
574 2661
582 1635
1134 1567
389 400
1603 1822
507 2291
1372 1443
2066 2161
1968 2423
325 1005
1656 1753
624 783
649 2656
1455 2614
85 2456
1058 1413
711 1100
1925 2076
438 2655
506 1853
420 1890
826 1918
101 211
52 875
1551 2165
466 1548
761 2119
207 2397
295 2454
1070 2133
1717 2484
442 1155
2223 2652
94 2333
927 2277
845 1251
220 1792
215 277
631 944
1009 1077
637 1421
1440 1789
88 2272
636 1103
165 2356
1786 2236
745 1349
1791 1801
1412 2680
78 322
2119 2493
453 2356
953 2159
1273 2507
1192 2483
1039 1602
1005 1951
1524 1782
521 1041
48 1235
1188 2318
345 1673
1520 1650
477 976
1146 2063
1139 2013
1067 1878
1273 1308
136 1379
1700 2404
54 1394
649 953
199 555
647 651
1212 2700
1070 1958
1615 1885
1349 2637
1876 2228
690 2326
240 1043
1509 2144
347 772
262 1611
1000 2378
513 2081
233 1620
2238 2472
1061 1308
565 961
692 1429
613 1503
969 1975
1497 1944
700 2002
1287 1837
629 1549
292 1222
493 1584
1103 1768
184 1062
522 2185
430 2391
571 1108
1414 2087
2269 2609
723 1634
667 2536
531 1494
101 614
1305 2223
578 1094
878 1562
1312 1791
52 1770
642 1314
1290 1917
305 2419
862 1651
216 2072
1665 2083
411 2394
683 2578
1406 2545
1017 1955
1609 2407
1729 2441
475 1695
1332 1473
1646 1934
2652 2697
683 2236
1395 1589
189 2440
1933 2344
184 372
883 1895
1673 2009
1318 1833
1231 2429
1520 1955
418 1972
294 1111
1662 2240
412 1882
1655 2133
1273 2193
634 1516
947 1189
193 1768
620 1900
265 2391
2349 2623
467 2284
965 1503
186 1680
1460 1698
357 2427
2140 2392
1792 2363
131 2179
262 1784
25 901
500 2416
878 1938
311 930
1329 1425
15 1406
1659 2494
1476 2537
1082 1736
1300 1940
4 1355
229 1089
409 601
364 2421
1781 2319
897 2383
1708 2020
1787 2484
1938 2452
272 539
1078 2298
1018 1408
2209 2334
1363 2578
1346 1914
1008 2241
1264 2322
123 2378
898 1151
846 936
110 453
959 1422
603 1607
737 2460
827 897
1513 2690
1317 2696
139 2093
1959 2006
772 1787
2087 2462
932 1696
1725 2052
316 561
495 2578
1342 2351
71 284
189 282
346 1544
1822 1849
102 1654
413 2555
539 2055
1325 2478
1908 2625
253 609
28 2626
777 1053
842 1900
2050 2424
1451 2028
506 1741
706 1290
942 2252
98 1628
2658 2673
382 1058
1155 1936
33 2619
1286 2410
1798 2474
1260 1689
846 1197
884 1813
2211 2561
133 1194
74 206
1132 1741
282 972
524 1373
17 2048
2124 2184
1414 1644
144 969
869 1180
363 2079
1229 2481
1039 2514
963 1631
353 1237
1851 2006
7 1543
1641 2479
134 738
2376 2464
2467 2688
627 1941
134 1360
828 1734
682 1502
210 2080
853 1555
1469 1798
661 1328
804 824
325 2505
343 1877
356 2514
644 1224
1565 2039
1155 2448
1046 1964
148 2063
51 550
1053 1600
39 104
274 2449
1113 2095
2160 2464
2157 2655
1709 2548
223 1314
232 2533
881 956
1062 2594
1331 1546
2145 2551
100 399
913 1328
53 655
135 449
66 2219
1015 2606
368 413
1465 2331
2288 2705
1018 1065
435 1812
885 1975
187 1860
700 1694
1000 1108
2423 2673
163 1428
88 2276
381 651
150 2153
1397 1901
1307 2707
830 1744
439 2496
466 1412
30 1667
1737 2234
27 457
442 1535
1521 2395
1698 2181
1910 2691
872 2648
554 1974
1641 2151
1689 2270
41 1661
826 2378
416 652
235 2581
310 1242
1363 1579
830 2409
1303 1491
633 1535
1268 2332
1589 2673
680 1952
535 2358
1451 2040
1550 2560
559 2624
625 1673
1045 1215
112 293
173 2178
573 1849
1030 1490
829 2006
2215 2704
451 849
1355 2665
1190 1736
382 1880
1072 1546
705 1316
1155 1401
711 1582
360 975
2153 2241
210 1804
500 1561
354 1064
2086 2330
8 1402
1120 2427
1004 1779
262 1759
1609 2347
1652 2537
760 881
1664 2553
1267 1491
557 2088
141 495
288 1513
1924 2139
1384 2301
630 1855
1887 2257
141 733
868 1493
2141 2390
608 982
483 1479
1871 2423
535 1728
1265 2703
42 392
808 1971
139 1701
176 1688
1005 1726
182 1697
586 1119
692 2375
550 1279
636 942
737 1580
871 2538
1308 2428
995 1230
935 1718
588 1872
96 603
568 739
1822 2127
2326 2367
275 1464
1064 1343
2287 2683
1580 2514
318 1117
138 1516
457 2187
687 702
1122 1476
1364 2536
717 2021
1223 1780
519 1036
66 644
1452 1585
249 646
864 1322
375 2336
822 2410
660 2157
1123 1367
268 1794
1070 1606
1948 2277
891 2262
1310 1418
352 1059
175 230
1057 2508
728 842
835 1185
449 489
1527 2300
584 981
1610 2557
965 1003
1912 2533
438 617
598 628
1879 2423
608 1304
970 1394
1598 2212
886 2021
477 1408
26 2547
56 2428
355 665
245 301
1317 1692
750 1657
1462 1609
1046 2667
288 390
1027 2011
870 1659
1576 1896
63 774
94 2239
1321 2556
102 1857
1434 1854
1587 2672
1643 1801
844 1535
165 2647
2094 2161
104 743
278 1105
1123 2614
989 1003
768 851
490 1247
480 2322
375 2696
787 876
411 1146
175 1986
333 2512
364 1768
1072 1468
254 1699
2494 2684
1282 2015
1651 1992
640 1614
41 447
801 1589
1425 1672
1254 1395
2023 2597
787 2623
405 2050
1500 2007
926 1855
788 900
1605 2134
630 2626
1027 1495
263 725
783 1584
666 2410
515 1700
1205 1425
147 1094
597 2221
750 1573
928 1323
131 623
1174 2341
1620 2044
1848 2494
2318 2352
2198 2509
450 1071
665 718
1182 2682
681 2235
129 1757
871 1067
67 2293
1631 2494
90 616
692 1703
153 2457
1679 2455
415 1617
461 1849
631 2029
264 1701
685 1800
1321 1628
129 1788
193 1345
162 1425
1298 1750
729 1915
979 2249
921 1397
882 2548
938 2521
2497 2683
470 1120
2169 2247
1117 1397
889 2095
581 1359
414 1311
129 473
576 1126
862 1549
1678 2294
254 2266
243 2416
385 2459
865 2476
1670 2368
364 1331
752 1286
847 2098
72 552
1057 1627
1637 1775
346 691
491 2689
431 1932
536 842
276 2283
927 1166
884 1431
955 1193
946 2124
229 1139
1403 2678
88 2025
279 2646
2438 2618
1274 2531
874 1191
932 2595
1703 2472
1177 1863
160 2026
1278 1908
1371 1393
123 2105
927 2517
638 2202
1468 1810
2241 2329
1800 2349
585 1700
1038 1584
1971 2347
1 531
1925 2521
240 2317
78 2370
354 861
569 2700
756 1776
1133 1587
244 1010
696 2460
75 958
544 1349
1539 1553
532 2211
700 1909
769 2163
843 1031
1276 2422
26 2636
2202 2606
672 2644
644 1112
1274 2156
627 2422
701 2600
2077 2311
1632 2637
2061 2630
1558 2583
1793 2252
391 1608
54 490
98 2433
655 2286
996 1187
385 1893
723 1609
172 2294
1034 2606
1517 2088
459 1755
746 1635
1679 1748
1531 2586
907 2004
2620 2662
118 1371
711 2034
1492 1839
313 852
957 1834
727 2703
1007 1011
1404 1888
791 897
956 1367
1640 2088
1418 1444
1102 2348
481 1497
1495 2373
892 1267
878 2203
1581 2586
514 1213
910 1519
689 1840
438 2696
1408 2139
1737 1794
1113 1228
480 2558
1245 1360
368 1174
1791 1945
688 824
781 1601
255 2254
402 1325
121 511
1079 1913
167 1941
1031 1865
2316 2649
11 328
1001 1245
291 2011
561 2156
309 962
804 1133
1108 1906
350 2311
1589 1945
1558 2370
306 1023
842 1071
2317 2445
1 2687
276 728
147 445
1801 2163
1831 2009
620 1872
2223 2434
1562 2341
1837 2438
77 2219
508 2404
902 2678
869 904
1440 2269
807 2691
1165 2577
476 2708
2477 2508
1183 1336
5 828
897 1640
798 2440
828 2114
631 2295
168 716
1586 1838
813 849
503 2192
1266 1884
355 2476
263 771
1404 1578
1149 2375
1209 1969
895 1862
490 1224
1031 1181
508 1599
628 1671
488 2284
139 2079
1079 2564
1827 2034
120 1846
1472 1523
898 2302
1454 2365
1050 1893
2425 2532
99 306
1256 2277
1748 2564
451 466
1786 2381
877 2626
193 1624
712 2579
1435 2684
626 1328
947 1621
2597 2668
402 717
466 2324
2 1346
320 2440
307 1362
607 1408
1295 1905
910 1340
1139 1524
1322 2330
1151 2661
324 2216
1633 1825
965 1225
2583 2659
289 764
1606 2676
264 2415
1215 1836
1181 2502
969 2308
2431 2606
880 2046
319 1832
717 2551
782 1932
760 2154
1814 2287
1149 1661
60 1395
1217 2562
1022 1336
1271 2046
192 1020
335 1255
581 1968
86 2615
230 557
1529 2700
281 1154
1636 2030
664 876
2081 2173
17 2655
2241 2424
1168 2049
28 66
235 2604
740 1108
113 1076
154 1126
1621 2332
1366 2429
155 1644
1648 1919
1557 2383
368 715
1575 2039
1587 2212
2031 2056
1206 1814
1532 2431
892 925
836 1665
533 787
2310 2452
725 2458
827 2214
831 2542
778 2378
1996 2062
1407 2552
1314 2315
143 1056
538 1099
1282 1469
597 1061
2303 2497
1041 2667
26 2032
2565 2676
424 1595
1674 1784
331 2163
666 2327
503 1314
848 2389
28 1149
1162 2375
1069 2390
271 813
2169 2246
5 1279
1271 1720
64 719
628 955
2025 2438
1353 2225
843 1202
74 2154
1665 2367
1349 1595
2249 2466
1223 1800
2162 2225
1609 1946
614 2413
1784 2490
866 2178
1076 1935
1592 2235
1912 1985
1194 1358
240 754
508 1131
2081 2380
652 1516
507 1121
1581 2488
709 1055
1204 2205
476 1851
1338 1708
1158 2491
204 1212
1737 1987
1450 1970
112 711
1498 2409
630 1843
27 1987
966 2038
1207 2539
310 1709
101 1461
1042 2070
150 236
2142 2382
1670 1827
1920 2582
1486 2112
352 2291
253 1239
418 936
50 647
174 301
125 212
2035 2577
2306 2610
500 2413
1515 2484
551 2428
2163 2346
1538 2306
222 2292
539 2305
18 819
355 1198
93 1190
499 513
1281 1535
899 2542
654 2551
301 504
84 1178
603 1370
1163 2311
1734 1920
1322 1520
1665 2002
1671 2015
326 567
1094 1857
1205 1513
606 1881
549 686
277 1936
449 2105
1360 1676
749 1404
1028 1498
344 2255
108 1585
230 1090
1425 2021
78 1583
627 1329
412 2600
2225 2257
849 1569
812 1633
572 1940
464 1247
568 1555
841 2634
1076 2651
155 1331
475 677
1851 2493
1005 1524
513 693
1010 2266
565 1985
426 1035
45 2038
64 2002
1004 1537
768 1080
2489 2546
770 1927
1490 1723
585 2047
38 732
900 1201
569 1291
358 1005
1340 2230
965 2219
413 2609
148 934
720 2384
269 1685
89 1234
2275 2708
50 2476
2507 2672
1256 1835
201 2351
458 2368
298 1414
1662 1905
425 2169
1618 1831
1041 2427
1485 1546
1317 2556
214 872
686 1609
26 1039
1233 2026
542 1224
137 2125
1395 1454
1264 1680
1703 2567
1499 1543
1125 1731
154 1442
335 1848
630 2533
396 1469
1868 2349
74 1870
1536 2050
501 753
69 272
913 1951
130 1231
468 1804
750 838
2298 2327
173 2081
955 1733
992 1988
161 2102
924 2705
1986 2258
1580 2035
547 1246
410 456
1362 1676
760 1086
125 2036
663 2579
588 595
286 2083
717 1087
998 2591
1056 2341
112 1914
1274 1858
23 2680
328 1804
1456 1614
808 1838
1461 2684
761 972
1019 1365
20 2039
719 2544
145 747
456 2392
216 376
1248 2376
926 2313
1361 2079
1794 2408
46 577
509 2600
218 1717
768 2663
1203 2008
2130 2583
456 2050
213 2326
1001 2484
175 1235
903 2312
42 2383
369 728
910 1753
611 2691
2293 2516
31 1409
1757 1895
132 416
1644 1986
777 1142
657 1572
2299 2300
2090 2508
768 970
1130 1639
1402 2623
1735 2039
147 1735
1733 2497
360 2333
354 1096
498 888
2020 2687
77 1288
371 1334
458 2451
43 2291
1653 1974
1370 2079
559 2486
895 2583
86 2421
487 1163
693 840
16 2608
730 1966
1725 2152
1042 2405
726 1207
2171 2216
2499 2604
245 2114
475 2151
263 1421
820 2151
337 1512
975 1985
1088 1368
1637 2486
825 2074
39 823
2242 2384
1054 2124
515 916
1530 2400
1286 1404
676 2618
27 830
1644 1773
1534 1923
555 720
398 2077
544 970
1519 2406
10 867
1328 1568
576 1051
1128 1723
1647 2007
755 833
668 1348
198 1622
1893 2158
1909 1934
1223 2105
1242 1908
499 1222
85 525
1742 2095
843 2703
1438 1897
676 1140
796 2228
299 2327
1681 1958
256 1354
1303 1316
2605 2679
1465 2618
640 2129
2212 2325
879 2542
1663 1753
1401 2397
2109 2214
761 1830
1315 2140
1211 1477
1482 2285
1059 2154
562 617
2105 2383
1638 2478
1347 2114
1122 2259
701 1239
1005 2232
210 2112
949 1220
421 752
1412 2704
811 2394
731 2708
145 1073
1833 2247
833 934
691 1429
104 2507
705 2249
226 1002
80 1191
246 287
852 1748
560 1538
1580 2271
1894 2579
912 1231
845 1562
1451 1670
584 941
1528 2025
1984 2349
857 2204
1936 2117
372 2052
1288 1964
1861 2244
1347 2551
678 1610
336 2678
662 1788
1207 1565
2239 2614
28 1770
60 176
447 2649
186 2371
863 2311
1355 1899
358 1945
343 1977
148 1114
312 1901
1535 2707
1271 1719
21 886
1360 1474
548 2456
1176 2527
278 1398
1158 2102
1020 2355
1347 1614
414 1163
1909 2006
607 1684
986 2597
859 2023
289 2695
1383 2506
18 2041
232 858
690 1871
793 1230
153 1444
1628 2158
728 1106
17 131
631 2056
230 2131
1223 2250
482 1966
17 1560
577 1383
1403 1409
215 522
776 1856
223 1667
1522 1550
778 1136
1055 2502
232 1708
818 2131
621 2375
424 2019
1030 1400
397 1897
1533 2668
961 2539
1050 2568
169 956
1481 1935
1425 2595
700 1748
2161 2282
741 2581
699 1597
533 2207
1080 2318
1199 1634
356 376
2406 2458
329 944
1559 1817
138 2541
2023 2280
1831 2651
219 611
210 1695
249 318
1134 2063
463 1116
345 2399
1743 2073
625 1404
2159 2223
858 1768
390 1889
306 483
637 2636
584 1598
1237 1326
1907 2542
1370 1932
418 526
75 1659
1615 2051
388 457
1312 1325
975 2468
2156 2494
1140 2530
900 1672
2472 2496
63 1618
891 1397
1492 2545
451 1882
14 922
1012 1095
960 2202
506 2509
1794 2594
1001 1912
174 2360
748 1039
234 641
409 1439
693 1654
693 1832
1640 2430
1878 2021
1879 2268
1783 2472
299 715
1620 1710
1285 1924
1481 1638
1736 2439
2111 2628
2147 2594
1070 2067
1141 1331
363 2246
604 1208
488 2125
100 1368
448 546
652 2283
57 982
1410 2322
692 2100
362 1197
1256 2468
2095 2364
1327 2077
1060 2068
1358 1473
19 2313
1564 2156
1226 2088
74 1241
685 1860
328 2262
623 1663
2667 2686
243 249
1292 1815
1378 2397
1003 1060
1854 2370
589 1675
827 2594
275 1539
1633 1727
1740 2462
620 2348
1867 2418
100 1532
841 2384
1002 1085
872 2063
3 1445
144 841
411 443
108 140
183 2383
1365 2093
191 989
175 584
1172 1262
1584 2476
461 1060
390 2381
40 2512
119 2253
1222 2399
2096 2460
552 2704
862 1340
1060 1082
996 1120
547 1852
882 1777
946 2479
1114 1397
41 2287
204 1835
583 1383
2022 2299
842 1893
460 2613
122 2089
173 1488
1924 2330
438 1986
375 2372
1748 2327
1150 1983
377 1864
1492 2648
495 2458
632 1478
1091 1515
421 1739
314 2609
565 847
986 2707
2560 2704
91 421
810 2444
1659 2475
1457 2051
870 1488
1347 2032
1632 1635
1257 2276
118 351
1354 1620
2056 2677
1455 1733
583 1123
1318 1899
1933 2305
1569 2322
100 461
962 1415
846 1910
514 1723
169 976
268 379
2167 2308
1068 2623
249 1432
403 466
192 2575
487 1511
877 1164
838 845
2471 2623
1736 1835
236 1081
1130 1248
1258 1736
130 1334
1222 1400
451 1117
808 1158
2306 2575
2424 2545
221 340
810 2432
21 1227
800 807
930 2025
1303 2494
467 1786
1078 1219
837 1139
932 1427
1343 1817
1557 2616
1127 2671
2052 2266
951 1846
468 2499
2061 2066
1534 1940
438 2349
193 2541
23 524
809 2254
161 1639
135 2445
786 1972
363 1809
792 1279
1415 2320
814 1830
123 2572
245 1742
1633 1819
1299 2670
946 1897
1030 1385
928 2038
340 2001
454 2389
248 1013
578 2172
300 919
1889 2453
751 1905
487 1030
1516 1612
1824 2398
2243 2674
134 1861
1946 2600
1131 1208
1185 1242
299 2123
171 1849
85 428
450 1781
771 2152
777 1663
161 170
656 1603
352 667
229 2282
970 2399
371 1880
315 2154
286 2500
1135 1528
885 1638
692 841
614 2277
808 2011
387 1187
531 2677
48 867
398 1055
949 1829
413 1525
1872 2609
801 1400
596 1115
537 586
1644 2374
573 1051
1846 2395
8 988
1560 2291
1346 1684
279 281
1272 2531
1431 2108
1979 2148
753 1969
10 1422
417 1389
1294 2446
764 785
2506 2706
961 1703
520 1268
541 1129
1761 2139
1469 1606
1208 2072
155 720
292 2261
454 891
1160 1937
15 1299
539 1833
1944 1984
95 2172
1011 1369
707 1191
58 1331
792 2471
1283 2644
14 32
163 1009
830 1418
645 907
220 1261
1788 2177
115 2074
552 1960
663 1132
1383 1629
147 635
220 2537
1445 2390
10 860
1539 2266
1326 2657
1019 1491
547 1971
1671 2376
1217 2275
1140 1839
90 1019
1978 2199
661 2226
596 623
635 1101
953 1385
1870 2075
1398 2316
382 813
319 2487
2148 2198
344 2708
1148 2087
1638 2301
889 2549
211 2515
461 677
155 1566
1248 1823
20 2537
730 1074
1095 2058
1719 2302
389 2452
35 1367
1429 1741
1738 2313
180 1541
1250 1441
1545 2431
770 2681
913 2664
1424 1996
2283 2679
506 1983
1534 1826
675 2328
984 2681
1201 2154
47 1574
1058 2596
294 1523
2053 2294
222 601
506 528
395 2017
190 1052
613 2204
1281 2434
219 650
1227 1907
2014 2646
483 1498
478 2614
621 709
909 1126
927 2072
666 1190
1053 1934
2016 2527
109 1314
226 331
1736 1895
23 2192
346 1046
983 2383
234 1581
271 1325
352 1706
1443 1678
282 2418
354 2515
1092 1584
762 2013
158 1519
858 2412
950 2443
1009 2333
751 1708
1374 1684
731 2700
1293 1371
2267 2570
445 943
1726 1880
65 2312
997 1781
3 172
1288 2542
624 1567
193 1891
1327 2092
825 1485
656 1472
535 1959
1393 1905
963 1112
1445 2024
9 2145
662 729
1024 2588
870 2114
765 1893
360 1219
527 1281
615 1168
1204 1692
189 764
1256 1327
1692 1813
1156 1714
2059 2655
1363 2209
485 2444
200 2540
1779 2466
612 965
761 807
13 1703
334 2423
1199 1466
866 2090
1592 2094
55 537
1318 2554
913 1653
264 1300
886 1211
41 2355
1317 1658
932 1500
1394 1436
2567 2676
158 1190
667 1275
1590 1607
1070 1324
114 307
392 1382
613 1369
1693 2532
1105 1788
392 1608
343 1928
104 1006
1188 2502
714 728
1533 1755
2285 2443
689 1056
491 1615
1515 2229
448 1688
440 885
1923 1970
769 1356
1122 1342
57 2252
1258 2611
1643 2336
1173 1403
1096 1653
2241 2696
1440 2372
832 1275
1017 1252
1669 2109
389 2163
1401 2672
721 1815
818 2212
937 1191
1494 1500
1125 1898
808 1938
119 1362
1364 1667
359 1894
435 1591
2098 2505
2423 2682
394 758
422 2544
935 1347
962 1330
729 1808
371 2383
876 2555
1114 1358
753 1893
1443 1964
607 1361
805 2294
401 2015
1142 1727
131 1702
864 1686
110 2301
1330 2380
461 1045
578 2326
101 1077
1709 1891
406 716
946 1282
1813 2051
2422 2656
454 602
144 2694
30 408
873 1462
1263 1952
2067 2533
1782 2466
971 1618
510 2005
597 1162
1922 2483
1404 2192
611 632
2338 2544
31 1599
133 1694
658 1181
1987 2567
297 2258
1467 1832
1661 2217
34 2252
120 981
1122 2222
22 553
233 1829
835 1480
2167 2372
1275 1595
553 1060
208 1525
229 2703
169 1795
899 1768
2282 2512
976 2409
524 2491
1787 2310
471 1011
1029 2444
387 2636
212 723
1202 1699
835 933
650 946
2018 2296
1038 2183
1697 2180
1401 1899
331 419
1606 2181
411 2269
1216 1385
988 2068
2313 2411
980 1249
623 1730
467 632
333 1733
1665 2362
1255 2420
937 1278
84 2159
613 1484
483 952
1319 2059
1797 1903
2467 2592
640 1842
1278 1830
793 1488
793 1203
122 723
88 1970
1329 1385
1669 2704
1496 2068
1176 1798
125 1884
372 1844
25 686
2133 2423
1069 1222
644 1699
2148 2580
260 1098
667 721
391 836
387 1841
786 1550
420 1251
867 2374
1188 1640
243 1903
495 1006
1792 2299
799 2672
1469 1573
737 2708
942 2594
140 1070
943 2582
1405 2215
1705 2626
438 551
1620 2259
274 835
353 2270
101 1604
1295 1324
1292 2619
375 979
888 2284
1254 2185
1236 1365
1113 1242
647 877
768 1267
930 1395
1266 1462
252 499
408 1632
288 2686
1174 1599
452 528
721 897
1381 2438
1801 2208
536 2325
932 2044
176 272
957 1108
17 1876
1192 2664
908 1021
29 1909
1323 1612
1824 2201
1922 2345
707 2132
1183 2061
578 1512
838 1404
1235 1783
1669 2490
925 1871
1122 2015
1397 2471
691 1233
450 963
1021 2295
300 2455
24 979
942 1198
837 1847
408 1081
327 565
1737 2451
2357 2399
309 916
407 722
666 1179
1358 2441
843 2635
672 1729
1372 1849
2279 2519
377 2378
1380 1674
977 1987
255 2269
777 1293
1079 2108
277 1070
34 1992
961 1550
1236 2468
683 1206
873 1662
767 1972
1268 2318
454 1851
75 781
1226 1934
175 961
133 2401
809 2354
1142 2451
351 2487
1022 1209
66 2028
655 2405
79 1689
46 2211
1408 1811
788 1720
267 385
2011 2697
1201 1603
802 1663
750 1868
852 2586
97 697
2089 2144
115 2184
636 1404
330 713
233 1584
516 1725
1033 1784
1252 1579
419 2099
579 1106
1040 2376
1614 2375
1194 2476
689 769
1374 2017
1801 2457
1056 2134
401 577
1050 1297
103 2370
61 1596
125 1045
122 2060
709 1595
1666 2541
430 2182
1360 2480
403 1481
933 1108
717 1472
269 1944
172 307
368 2704
841 1311
970 2609
84 1785
1573 2627
1378 2306
1231 1252
852 1007
1520 2506
240 2434
432 2343
81 1741
676 1857
44 213
1864 2652
924 1634
72 2496
1208 1216
1122 1935
521 1213
557 766
287 1305
726 2183
192 1691
749 886
301 1051
2196 2283
516 1129
238 2446
1574 2325
581 1197
2258 2340
1959 2536
58 713
276 447
316 1827
538 713
1332 1892
56 1440
916 1993
933 2412
1902 1904
1579 1718
278 1438
132 2571
2034 2441
468 2339
138 266
1872 2349
2014 2258
1219 1546
312 1232
1051 2583
762 2486
1941 2609
1668 2085
596 1032
13 2246
1011 2675
1 1067
511 1250
1509 1813
427 822
1311 1456
208 317
1858 1936
226 1389
1170 1365
383 1331
161 312
938 1676
836 1966
1021 2624
1162 2459
13 959
787 2596
120 1470
984 2242
1467 1738
1262 2270
461 746
39 1852
481 1659
323 1550
2198 2320
1213 1233
2278 2563
1347 1780
1334 1588
975 2560
474 1632
660 2167
1212 1481
691 913
1039 1763
1248 1491
767 2327
1636 2586
46 568
928 1616
1380 1667
1485 1804
1060 1485
357 645
1642 2464
596 2488
424 2171
190 1267
1660 1905
191 1185
1913 2214
863 877
929 982
1127 2171
158 463
364 1663
1123 2357
322 835
864 2312
560 2598
113 1668
1704 2160
1386 2308
190 2300
1363 1509
661 1845
61 1519
1308 1836
913 2052
1044 2648
740 1598
687 1334
148 574
389 1123
448 1335
1154 2450
537 1787
190 1615
557 891
332 841
2019 2649
24 1663
40 417
414 837
1588 2098
419 2689
1236 1834
501 957
353 2222
609 1972
172 207
1129 2170
1347 1450
998 2455
13 1977
753 1093
37 2088
1080 1804
147 1461
406 2261
364 2090
816 2268
358 2614
1607 2440
5 1726
611 2403
658 785
1066 2358
1284 1786
22 758
122 1506
1292 1330
423 587
117 284
1373 1841
1220 2538
612 2562
831 833
820 1981
331 635
209 2053
603 1319
805 1196
949 2199
2080 2511
555 1316
1324 1325
660 752
208 1933
1458 2445
1244 1906
531 2170
579 2301
225 2480
1209 2126
1935 2409
426 1515
1257 2551
1295 1473
961 1327
611 2456
460 605
508 1567
941 2131
1976 2234
375 1103
2316 2407
1492 2316
389 884
1117 2272
461 1685
373 2591
2142 2636
1692 2092
818 907
694 2608
521 2467
208 560
423 1104
1523 1813
523 627
387 745
1383 1905
2162 2310
414 909
1003 1233
139 1797
1302 1657
317 2183
311 1582
2111 2129
1975 2158
832 2551
1759 2093
2021 2166
1688 2630
767 2607
1404 1680
119 391
1224 2017
72 906
1429 2479
1675 2306
2343 2357
1814 2511
892 1963
1242 1624
386 1515
989 1480
253 512
1153 1605
219 1063
385 1328
1409 1601
512 878
442 2687
302 2019
820 1204
849 2156
183 1691
536 2075
389 2427
520 2642
38 2526
322 2225
1639 1735
1075 2252
567 2252
228 1446
1051 2595
156 2182
626 2391
362 2093
542 1537
336 1617
468 1170
155 825
815 1343
1386 2124
454 600
862 1819
1193 1224
1892 2139
1561 2243
709 1220
502 1225
1068 2611
1013 2145
260 2708
499 2337
298 1744
1011 1553
941 1137
827 2599
345 2635
2617 2619
99 1472
428 1007
496 1663
657 1005
127 2052
1175 1231
491 1427
1132 2505
1600 1666
186 758
372 2554
22 1772
313 1293
1761 2221
402 1304
1891 2198
1144 1825
1845 2411
1313 2169
1749 2591
2342 2705
795 1264
229 1346
908 1898
1363 1503
952 2024
1663 2551
128 2329
1088 1485
2220 2306
67 2019
126 1118
582 1051
301 414
806 2509
2221 2689
1204 2188
2138 2347
538 1838
926 2257
1263 1738
249 392
189 1811
1151 2688
2235 2584
564 1011
900 1860
603 1366
596 750
866 2374
251 721
1008 1248
79 731
2180 2577
260 1697
834 980
752 1926
268 1097
144 2211
754 861
920 2635
1210 1871
824 988
1895 1910
231 1647
435 603
1245 1453
130 790
1194 2488
943 2019
2294 2383
924 1021
698 2226
4 2124
72 1993
332 566
200 2680
640 1636
870 2335
194 1201
857 908
1366 2047
447 2490
912 2424
751 886
484 1852
628 2188
572 1858
1631 1928
2376 2588
1668 2390
1187 2086
721 1775
1977 2160
725 1481
1209 2332
282 2257
381 2098
563 2643
911 2705
1069 1832
263 2689
990 1056
2192 2454
1325 1687
848 1858
1162 2069
1135 2703
1239 2062
189 1540
1347 1886
361 2340
716 2192
91 1339
1121 1343
1434 2412
1876 2276
198 1932
571 715
1330 1835
732 1279
49 157
469 2204
2006 2601
728 1896
747 2214
1470 1614
1602 2422
862 1295
2182 2677
1589 1746
628 1792
864 1977
735 1735
1670 2445
1468 1840
2132 2220
141 244
1440 2491
145 2338
698 1158
1359 2569
1661 2327
744 2114
556 792
963 2050
132 1970
549 665
13 1732
650 2635
1967 2051
348 916
457 2614
1027 2128
645 901
1306 2398
1947 2527
1676 1800
1728 2024
1180 1188
1996 2654
646 1810
524 2431
307 544
181 2379
1352 2038
2034 2449
536 817
1158 1904
280 560
1245 2046
1224 2141
419 1373
575 1953
1463 1558
1204 1800
616 2328
309 1470
1967 2044
1658 2559
639 1880
1298 1723
295 1377
549 1538
967 1911
16 98
1043 1824
1759 1971
290 1712
1200 1945
755 2287
1185 1441
459 1021
1469 2280
2052 2319
725 2675
1689 2287
646 2445
787 2661
2400 2597
725 856
1165 1776
106 465
1611 2269
449 1174
449 2020
231 2174
1224 2074
80 2176
925 2649
684 2325
897 1239
1039 1321
1772 2100
1172 1812
512 812
2322 2500
631 1599
444 2708
129 2112
2085 2457
122 1640
136 895
873 1731
1379 2235
2515 2661
446 568
142 1853
1104 1265
1083 1366
1359 2196
874 1435
254 521
470 2563
1193 1836
1685 2467
610 687
1090 2151
1323 2088
670 2394
678 1193
480 693
1415 2311
1332 2241
43 1390
304 1569
631 913
555 2255
281 1922
808 1286
2009 2116
652 684
14 568
699 2274
756 2439
1567 2081
1762 1812
681 1462
951 1600
750 1246
718 1150
2082 2697
1655 1826
1619 2318
596 657
135 1845
723 2291
920 2182
842 1487
821 1934
312 986
2080 2193
952 1072
226 2423
1796 1914
1445 1992
1625 2569
1196 2260
489 1389
580 1234
1940 2279
537 2475
659 1093
1176 1514
579 2222
396 1866
393 2378
164 256
1362 2085
404 2052
1061 1725
1176 1879
435 1709
1292 1551
934 1265
1979 2002
1118 2018
1495 2138
14 1341
1914 1978
102 264
1007 2021
609 1797
391 2080
324 1290
45 1674
2034 2683
623 2130
256 2691
810 1098
129 1595
454 1058
440 2273
1246 1399
269 1565
1217 1832
1910 2288
32 689
662 2605
1104 2647
1182 1375
955 2668
2223 2253
605 719
2066 2090
1424 1493
155 638
843 2665
677 1009
747 970
1239 1729
1357 2146
8 1466
32 209
1189 1361
979 2400
882 2626
1121 2023
889 1583
832 2281
269 2486
1033 1267
1284 1411
1678 2562
61 375
203 2138
319 1658
464 2157
1743 2563
568 988
905 2151
275 1178
2002 2154
597 2484
2231 2673
1041 2187
2246 2601
692 2086
741 2365
1365 1866
2294 2600
1112 2020
927 1270
2368 2403
376 2369
274 981
77 1625
376 2479
426 794
2430 2431
796 2332
1385 2627
654 1368
944 2485
1279 2316
2231 2347
760 2171
1582 2514
1562 2114
334 1133
1117 2478
951 2218
260 1210
1060 1127
885 1918
348 1427
1027 1841
1967 2433
2056 2561
822 2126
432 1948
680 2651
1417 2468
550 1156
2029 2271
1225 1959
444 815
1974 2429
1031 2036
247 2240
183 1623
116 1038
1102 1899
23 2392
94 637
1583 1843
1279 1299
1681 1903
880 2433
86 773
943 1440
1627 1832
84 1177
1118 2234
53 1407
611 1041
1843 2159
753 1545
2688 2700
1547 2583
1589 2103
1562 1606
938 2367
18 1698
766 864
1247 2532
182 2314
596 1035
142 999
426 1884
999 2613
602 2165
1832 1996
936 2354
420 965
1568 2546
1529 2589
927 2435
718 907
6 2467
95 726
314 2249
1892 2508
1500 2452
788 1353
507 2175
843 1739
39 2459
562 2183
41 1500
1688 2696
403 2481
1839 2703
1029 2625
23 1179
173 464
171 403
484 1293
1106 2153
1295 2502
1307 1357
182 2073
1688 2620
2016 2469
85 575
9 14
2091 2115
953 1290
859 1391
336 1873
1414 1638
913 977
1417 1807
2108 2696
104 2459
889 2279
713 1024
239 2539
15 2562
1237 2661
1406 2457
1331 2705
311 515
650 1796
1334 1892
1132 1836
319 1424
2146 2550
316 1706
1214 1334
1142 2078
672 1184
1183 1652
1640 2234
1945 2127
587 751
2241 2501
765 2054
56 1036
502 1430
233 627
1378 2040
1051 1132
332 2323
667 2075
395 643
1127 1281
153 1297
766 2002
2218 2567
272 1705
458 1557
1032 1941
136 1657
454 1471
35 2112
834 2299
223 1126
85 740
1051 2341
220 778
841 1342
42 1719
203 298
236 2680
1434 1914
1088 1937
260 1649
947 2411
1355 1901
676 2225
1397 1410
327 1693
1345 2019
444 1028
666 1292
1538 2130
837 2000
2001 2617
1302 1557
556 652
1995 2125
1080 1779
330 2003
571 1767
399 1188
987 1128
953 991
719 745
2576 2670
1855 2362
372 1933
1604 2443
1057 2569
286 1817
497 2683
1574 2287
883 2165
1177 1210
1592 2330
125 694
