0 1
1 1
2 1
3 0
4 0
5 1
6 0
7 0
8 1
9 1
10 0
11 0
12 1
13 0
14 1
15 0
16 1
17 1
18 1
19 0
20 1
21 1
22 1
23 0
24 0
25 1
26 0
27 0
28 1
29 0
30 1
31 0
32 1
33 1
34 1
35 0
36 0
37 1
39 1
40 0
41 0
42 1
43 1
44 0
45 0
46 0
47 0
48 0
49 1
50 0
51 0
52 1
53 1
54 0
55 1
56 1
57 1
58 0
59 0
61 0
62 0
63 1
64 1
65 1
66 0
67 1
68 1
69 0
71 0
72 0
73 1
74 0
75 0
76 0
77 1
78 1
79 1
80 1
81 0
82 0
83 0
84 0
85 1
86 1
87 0
89 0
90 0
91 1
92 1
93 1
94 1
95 0
96 0
97 0
98 1
99 1
100 0
101 0
102 0
103 0
104 1
105 0
106 0
107 0
108 1
109 1
110 0
111 0
112 1
113 0
114 0
115 1
116 1
117 1
118 0
119 0
120 1
121 1
122 0
123 0
124 1
125 1
126 1
127 1
128 0
129 0
130 1
132 0
133 1
134 1
135 0
136 0
137 0
138 1
139 0
140 1
141 1
142 1
143 0
144 0
145 0
146 1
147 1
148 0
149 1
150 0
151 0
152 1
154 0
155 0
157 0
158 1
159 1
160 0
161 1
162 1
163 0
164 0
165 1
166 1
167 1
168 1
169 1
170 0
171 1
172 0
173 0
174 1
175 0
176 0
177 0
178 0
179 1
180 0
181 0
182 0
183 0
184 0
185 0
186 0
188 1
189 1
190 0
191 1
192 1
193 0
194 0
195 1
196 0
197 1
198 1
199 1
200 1
202 1
203 0
204 1
205 0
206 1
208 1
209 0
210 0
211 1
212 1
213 0
215 1
217 0
218 1
219 1
220 1
222 1
223 0
224 0
225 0
226 0
227 1
228 0
229 1
230 1
231 0
232 1
233 1
234 0
235 0
236 0
237 1
238 1
239 0
240 1
241 1
242 1
243 0
244 0
245 1
246 0
247 0
248 0
249 1
250 0
251 1
252 0
253 1
254 0
255 0
256 0
257 0
258 1
259 1
260 1
262 0
263 1
264 0
265 0
266 0
269 1
271 1
272 0
273 0
274 0
275 0
276 0
277 1
278 0
280 1
281 1
283 1
284 1
285 1
286 1
287 0
288 0
290 0
291 1
292 1
293 1
294 1
295 1
296 1
297 0
298 1
299 0
300 1
302 0
303 0
304 0
305 1
306 1
307 0
308 1
309 1
310 1
311 0
312 0
313 0
314 1
315 0
316 1
317 1
318 1
319 0
320 0
321 0
322 0
323 0
324 0
325 1
326 1
327 0
328 0
329 1
330 0
331 0
332 1
333 1
334 0
335 0
336 0
337 0
338 1
339 1
340 1
341 0
342 1
343 1
344 1
345 1
346 1
348 1
349 1
350 0
351 0
352 1
353 1
354 1
355 0
356 1
357 1
359 1
360 1
361 1
362 1
363 1
364 1
365 1
366 0
367 1
368 0
370 1
371 0
372 1
373 0
374 1
375 1
376 0
377 1
378 1
379 1
380 1
381 0
382 1
383 1
384 0
385 1
386 1
387 1
388 0
389 1
390 0
391 0
392 0
393 1
394 1
395 1
397 0
398 1
399 1
400 1
401 0
403 0
404 0
405 0
406 1
407 0
408 1
409 0
410 1
414 1
415 0
416 1
417 1
418 1
419 0
420 0
421 1
422 1
423 0
424 0
425 1
426 1
427 0
429 1
430 1
431 0
432 0
433 0
434 0
435 0
436 0
437 1
438 1
439 1
440 1
441 1
442 1
443 0
446 0
447 1
448 1
449 0
450 1
451 1
452 1
453 0
454 1
455 1
456 1
457 1
458 1
459 1
460 1
461 1
463 0
465 1
466 0
467 0
468 0
469 1
470 1
471 0
472 1
473 0
474 1
475 1
476 1
477 0
478 0
479 1
480 1
481 1
482 1
483 0
484 0
485 1
486 1
489 0
490 1
491 0
492 0
493 1
494 1
495 0
496 1
497 0
498 1
499 1
500 0
501 0
502 0
503 1
504 0
505 1
507 1
508 1
509 1
510 1
511 1
512 0
513 1
514 1
516 0
517 1
519 1
520 1
521 1
522 0
523 0
524 1
525 1
526 1
527 0
528 1
529 1
530 1
531 1
532 0
533 1
534 1
535 1
536 1
537 1
538 0
539 1
540 1
541 1
542 0
543 1
544 1
545 1
546 0
547 0
548 0
549 1
550 1
551 0
552 0
553 1
554 0
555 0
556 1
557 1
558 0
559 1
560 0
561 1
562 0
563 1
564 0
566 1
568 0
569 1
572 0
573 1
574 1
575 0
576 1
577 1
578 0
579 1
580 0
581 1
582 0
583 1
584 0
585 1
586 1
587 0
588 0
589 0
590 1
591 0
592 1
593 1
594 1
595 1
596 1
597 0
598 1
599 1
600 0
601 1
602 1
603 0
605 1
606 0
607 0
608 0
609 1
610 0
611 1
612 1
613 0
614 0
615 1
616 1
617 0
618 0
619 1
621 1
622 1
623 0
624 1
625 1
626 0
627 1
628 0
629 0
630 1
631 1
632 1
633 1
634 1
636 1
637 1
638 0
639 1
640 0
641 0
642 0
643 0
644 0
645 1
646 1
647 0
648 0
649 1
650 0
651 1
652 1
653 1
654 1
655 0
656 0
657 1
658 0
659 1
660 0
661 0
662 1
663 1
664 1
665 1
666 0
667 1
668 1
669 0
670 0
671 1
672 0
673 0
674 1
675 1
676 1
678 0
679 0
680 1
681 1
682 0
683 1
684 1
685 0
686 1
687 1
688 1
690 0
692 1
693 0
694 0
695 0
696 0
697 1
698 1
699 1
700 1
701 1
702 1
703 0
705 0
707 1
708 1
709 0
710 1
711 0
712 1
713 1
714 0
715 1
716 1
718 0
719 1
720 0
721 0
722 1
723 1
724 1
725 1
726 1
727 1
728 1
729 0
731 1
732 0
734 0
735 0
736 1
737 0
739 1
740 1
741 1
742 1
743 1
744 1
745 1
746 1
748 1
749 0
750 1
751 1
752 1
753 1
754 0
755 0
757 0
758 0
759 0
760 1
761 1
762 1
763 1
764 0
765 0
767 0
768 1
769 0
770 0
771 0
772 0
773 0
774 1
775 1
776 0
777 0
778 0
779 1
780 1
781 0
782 0
783 1
784 0
785 0
786 0
787 1
788 1
789 1
790 0
791 1
792 0
793 0
794 1
795 1
797 0
798 1
799 0
800 0
801 1
804 1
805 0
807 1
808 1
809 1
810 0
811 1
812 1
813 0
814 1
815 0
816 0
818 0
819 0
820 1
821 1
822 1
823 1
824 1
825 0
826 0
827 1
828 1
829 1
830 1
831 1
832 1
833 0
834 0
835 1
836 1
837 1
838 1
839 1
840 1
841 0
843 1
844 0
845 1
846 0
847 1
848 1
849 0
850 1
851 1
852 0
853 1
854 1
855 0
856 1
857 1
858 1
859 0
860 1
862 1
864 0
865 0
866 1
867 0
868 0
869 0
870 1
871 0
872 1
874 1
875 1
876 1
877 1
878 1
879 1
880 1
881 0
882 0
883 0
884 0
885 1
886 1
887 1
888 0
889 1
890 0
892 0
893 0
894 0
895 1
896 1
897 0
898 0
899 1
900 0
901 0
902 0
903 0
904 0
905 1
906 1
907 0
908 1
909 0
910 1
911 0
912 1
913 0
914 1
915 0
916 0
917 1
918 1
919 0
921 1
923 0
924 1
925 0
926 1
927 0
929 0
930 0
931 0
932 1
933 1
934 0
935 0
936 1
937 0
938 0
939 1
940 1
941 1
942 0
943 0
944 0
945 1
947 0
948 1
949 0
950 0
951 0
952 0
953 0
954 1
955 0
957 1
958 1
959 1
960 1
961 1
962 1
963 0
964 1
965 0
966 0
968 1
969 1
970 1
971 1
972 1
973 1
974 0
975 1
976 1
977 0
978 0
979 0
980 0
981 1
982 0
983 0
984 0
985 1
986 0
987 0
988 0
989 1
990 1
991 1
992 0
993 0
995 0
996 0
998 1
999 0
1000 0
1001 1
1002 0
1003 0
1004 0
1005 0
1006 1
1007 1
1008 1
1009 1
1010 0
1011 1
1012 0
1013 1
1014 0
1015 1
1016 0
1017 1
1018 0
1019 0
1020 1
1021 0
1023 0
1024 0
1025 1
1026 1
1027 1
1028 1
1029 1
1031 1
1032 0
1033 1
1034 1
1035 0
1036 0
1038 1
1039 0
1040 1
1041 0
1043 1
1044 1
1045 0
1046 0
1047 0
1048 0
1049 0
1052 0
1053 1
1054 1
1055 1
1056 1
1057 1
1058 0
1059 1
1060 1
1062 0
1063 0
1064 1
1065 0
1066 1
1067 0
1068 0
1069 1
1070 0
1071 0
1072 0
1073 1
1074 0
1075 0
1076 0
1077 1
1080 1
1081 0
1082 1
1083 1
1084 1
1085 1
1086 1
1087 1
1089 0
1090 1
1091 1
1092 1
1093 0
1094 1
1095 1
1096 0
1097 1
1098 1
1101 0
1102 0
1104 1
1105 1
1106 1
1107 1
1108 1
1110 1
1111 0
1112 0
1113 0
1115 1
1116 0
1117 1
1118 0
1119 1
1120 0
1121 1
1122 1
1123 1
1124 0
1125 1
1126 0
1127 0
1129 0
1130 0
1131 0
1132 0
1133 1
1134 1
1135 0
1136 1
1137 1
1138 1
1139 0
1140 1
1141 1
1142 0
1143 0
1144 0
1145 1
1146 0
1147 1
1148 0
1149 1
1150 0
1151 1
1152 0
1153 0
1154 1
1155 0
1156 1
1157 1
1158 0
1159 1
1160 1
1161 1
1162 0
1163 1
1165 0
1166 0
1167 0
1168 1
1169 1
1170 1
1171 1
1172 1
1173 1
1174 1
1175 1
1176 1
1177 0
1178 1
1179 1
1180 0
1181 0
1182 0
1183 1
1185 1
1186 1
1187 1
1189 0
1190 0
1191 0
1192 1
1193 1
1194 0
1195 1
1196 1
1198 1
1199 0
1200 1
1201 1
1202 1
1203 0
1204 1
1205 1
1206 1
1207 1
1208 1
1209 1
1210 1
1211 1
1212 0
1213 1
1214 0
1216 0
1217 0
1218 1
1219 1
1220 1
1221 0
1222 1
1223 0
1224 0
1225 0
1226 1
1227 0
1228 0
1229 0
1230 1
1231 0
1232 1
1233 1
1234 0
1235 0
1236 1
1237 0
1238 1
1239 0
1240 1
1241 0
1242 1
1243 1
1244 1
1246 1
1247 0
1248 0
1249 1
1250 1
1251 0
1252 0
1253 1
1254 1
1255 1
1256 0
1257 1
1258 1
1259 0
1260 0
1261 0
1262 1
1263 1
1264 0
1265 1
1266 1
1267 0
1268 1
1269 1
1270 0
1271 1
1272 1
1273 1
1274 0
1275 0
1276 0
1277 0
1278 1
1279 1
1280 1
1281 0
1282 0
1284 0
1286 0
1287 1
1288 1
1289 0
1290 1
1291 1
1292 1
1293 1
1294 1
1295 0
1296 0
1298 0
1300 1
1301 1
1302 1
1304 1
1305 1
1308 1
1309 0
1310 1
1311 1
1312 0
1313 1
1314 1
1315 1
1316 1
1317 1
1318 0
1319 0
1320 0
1321 1
1322 1
1323 1
1324 0
1325 0
1326 1
1327 1
1328 0
1329 0
1330 0
1332 1
1333 0
1334 1
1336 0
1338 0
1339 1
1340 0
1341 0
1342 1
1343 1
1344 1
1345 1
1346 0
1348 0
1349 1
1350 0
1351 0
1352 0
1353 0
1354 1
1355 1
1358 0
1360 1
1361 0
1362 0
1363 1
1364 0
1365 0
1366 0
1368 1
1369 1
1370 1
1371 1
1372 1
1373 1
1374 1
1375 1
1376 0
1377 0
1378 0
1379 1
1380 1
1381 1
1382 1
1383 0
1384 0
1385 0
1386 1
1387 1
1388 0
1389 0
1390 0
1391 1
1393 1
1394 1
1395 1
1396 1
1397 0
1398 1
1399 1
1400 1
1401 0
1402 1
1403 1
1404 1
1405 1
1406 0
1407 0
1408 0
1409 1
1410 1
1411 0
1412 1
1413 0
1414 0
1415 0
1416 1
1417 1
1418 0
1419 1
1421 0
1422 1
1423 0
1424 1
1425 1
1426 1
1427 0
1428 1
1429 0
1430 0
1431 0
1432 0
1433 1
1434 1
1435 0
1436 1
1437 1
1438 1
1439 1
1441 0
1443 0
1444 1
1445 0
1446 1
1447 1
1448 1
1449 1
1450 1
1451 1
1452 1
1453 0
1454 0
1455 1
1456 0
1457 0
1459 0
1460 0
1461 1
1462 1
1463 1
1464 1
1465 0
1466 1
1467 0
1468 0
1469 0
1470 1
1471 1
1472 0
1473 0
1474 1
1475 1
1476 0
1477 0
1478 1
1479 0
1481 0
1482 1
1483 0
1484 1
1485 1
1486 1
1487 0
1488 1
1489 1
1490 1
1491 0
1492 0
1494 1
1495 0
1496 1
1497 0
1498 1
1499 0
1500 1
1501 0
1502 0
1503 1
1504 1
1505 1
1506 0
1507 1
1509 1
1510 0
1511 0
1512 1
1513 0
1514 1
1515 0
1516 1
1518 1
1519 0
1521 0
1522 0
1523 0
1524 1
1525 1
1526 0
1527 1
1528 1
1529 0
1530 1
1531 1
1532 1
1533 1
1534 0
1535 0
1536 0
1537 1
1538 0
1539 1
1540 0
1541 1
1542 1
1543 0
1544 0
1545 1
1546 1
1547 1
1548 0
1549 0
1550 0
1551 1
1552 1
1553 0
1554 1
1555 1
1556 1
1557 1
1558 0
1559 1
1560 0
1561 1
1563 1
1564 1
1565 1
1566 0
1567 1
1568 1
1569 0
1570 0
1571 1
1572 1
1573 0
1574 0
1575 0
1576 0
1577 1
1578 1
1579 0
1580 0
1581 1
1582 0
1583 0
1585 0
1586 1
1587 1
1588 1
1589 1
1590 0
1591 0
1592 1
1593 0
1594 0
1595 1
1596 0
1597 1
1598 0
1599 1
1600 1
1601 0
1602 1
1603 0
1604 1
1605 1
1606 0
1607 1
1609 0
1611 1
1612 0
1613 0
1614 1
1615 1
1616 0
1617 0
1618 1
1619 1
1620 0
1622 0
1623 1
1624 0
1625 1
1626 1
1627 1
1628 1
1629 1
1630 0
1631 1
1632 0
1635 0
1636 1
1637 1
1638 1
1639 1
1640 1
1642 1
1643 1
1645 1
1646 0
1647 1
1649 0
1650 0
1652 1
1653 1
1654 1
1655 1
1656 1
1657 1
1658 1
1660 1
1661 1
1662 0
1665 0
1666 1
1667 1
1668 0
1669 1
1670 0
1671 1
1672 0
1673 0
1674 0
1675 1
1676 0
1677 1
1678 0
1679 1
1680 1
1681 1
1682 1
1683 1
1684 1
1685 1
1686 0
1687 1
1688 0
1689 0
1690 1
1691 0
1692 0
1693 1
1694 1
1695 0
1696 1
1697 1
1698 0
1699 1
1700 0
1701 1
1702 1
1703 1
1704 1
1706 1
1707 0
1708 0
1709 0
1710 0
1711 0
1712 1
1713 1
1714 0
1715 0
1717 0
1718 1
1719 0
1720 0
1721 1
1722 0
1724 1
1725 0
1726 0
1727 1
1728 1
1729 0
1730 1
1731 1
1732 1
1733 0
1734 0
1735 1
1736 1
1737 1
1738 0
1739 0
1740 0
1741 1
1742 1
1743 1
1744 0
1745 1
1747 0
1748 1
1749 0
1751 0
1752 1
1753 0
1754 1
1756 1
1757 0
1758 1
1759 1
1761 1
1762 0
1764 0
1765 1
1766 1
1767 0
1768 1
1769 0
1770 0
1771 1
1772 1
1773 1
1774 1
1775 0
1776 1
1777 0
1778 1
1779 0
1780 0
1781 1
1782 0
1783 0
1784 1
1785 1
1786 0
1787 0
1788 1
1789 0
1791 1
1792 1
1793 1
1794 1
1795 1
1796 0
1797 1
1798 0
1799 0
1800 0
1801 0
1802 0
1803 0
1804 1
1805 1
1806 0
1807 1
1808 0
1809 1
1810 0
1811 1
1812 0
1813 1
1814 0
1815 0
1816 1
1817 0
1818 1
1819 1
1821 1
1822 1
1823 0
1824 1
1825 0
1827 1
1828 0
1829 0
1830 1
1831 1
1832 1
1833 0
1834 0
1835 1
1837 0
1838 1
1839 1
1840 1
1841 1
1842 1
1843 1
1844 1
1845 1
1846 0
1847 0
1848 0
1849 0
1850 1
1851 0
1852 1
1853 0
1854 1
1855 0
1856 1
1857 0
1858 0
1859 0
1860 0
1861 1
1862 1
1863 1
1864 0
1865 0
1866 0
1867 1
1868 0
1869 0
1870 0
1871 0
1872 1
1873 0
1874 0
1875 1
1876 1
1877 1
1878 1
1879 1
1880 1
1881 0
1882 0
1883 1
1884 1
1886 0
1887 1
1888 1
1889 1
1890 1
1891 0
1892 0
1893 1
1894 1
1895 1
1896 0
1897 0
1898 0
1899 1
1900 0
1901 0
1902 0
1903 1
1904 0
1905 1
1906 1
1907 1
1908 0
1909 0
1910 1
1911 0
1912 0
1913 1
1914 0
1915 1
1916 1
1917 1
1919 0
1920 1
1921 1
1922 1
1923 1
1924 1
1925 0
1926 1
1927 0
1928 1
1929 1
1930 1
1931 1
1932 0
1933 0
1935 1
1936 1
1937 0
1938 0
1939 1
1940 1
1941 0
1943 1
1944 0
1945 1
1946 0
1947 1
1948 1
1949 0
1950 1
1951 1
1952 1
1953 0
1954 0
1955 0
1956 0
1957 1
1958 0
1959 1
1960 0
1961 1
1962 0
1963 0
1964 1
1965 1
1966 0
1967 0
1968 1
1969 0
1970 1
1971 0
1972 1
1973 0
1974 1
1975 0
1976 0
1977 1
1978 1
1979 1
1980 0
1981 1
1982 1
1983 1
1984 1
1985 0
1986 0
1987 1
1988 0
1989 1
1990 1
1991 0
1992 1
1993 1
1994 1
1995 0
1997 1
1999 1
2000 0
2001 1
2002 0
2003 0
2005 0
2006 1
2007 0
2008 0
2009 0
2010 1
2011 0
2012 1
2013 1
2014 0
2015 1
2016 0
2017 0
2018 1
2019 1
2020 1
2021 1
2022 1
2023 1
2024 0
2025 0
2026 1
2027 1
2028 0
2029 0
2030 0
2031 1
2032 0
2033 1
2034 0
2035 0
2036 0
2037 1
2038 0
2039 1
2040 1
2041 0
2042 1
2043 1
2044 1
2045 1
2046 1
2047 1
2048 0
2049 1
2050 0
2051 0
2052 0
2053 1
2054 0
2055 0
2056 1
2057 1
2058 0
2059 1
2060 1
2061 1
2062 1
2064 0
2065 1
2066 0
2067 0
2068 1
2069 1
2071 0
2072 1
2073 1
2074 0
2075 1
2076 1
2077 0
2078 1
2080 0
2081 1
2082 0
2083 1
2084 1
2085 1
2086 0
2087 0
2088 1
2089 0
2090 1
2092 1
2093 1
2094 0
2095 1
2096 0
2097 1
2098 1
2099 1
2100 0
2101 1
2102 1
2105 0
2106 1
2107 0
2108 0
2109 0
2110 1
2111 0
2112 1
2113 1
2114 1
2115 0
2116 1
2118 1
2119 0
2121 1
2122 1
2123 1
2124 0
2125 1
2126 0
2127 1
2128 1
2129 1
2130 0
2131 0
2132 0
2133 1
2134 1
2135 1
2136 1
2137 1
2138 0
2139 1
2140 0
2141 0
2142 0
2143 0
2144 1
2146 1
2147 0
2148 0
2149 1
2150 1
2151 1
2152 1
2153 0
2154 0
2155 0
2156 1
2157 1
2158 0
2159 0
2161 0
2162 0
2163 1
2164 0
2165 1
2166 0
2167 0
2168 1
2169 1
2170 1
2171 1
2172 0
2173 0
2174 0
2175 0
2176 1
2178 1
2179 1
2181 1
2182 0
2183 0
2184 1
2185 1
2186 0
2188 1
2190 0
2192 0
2193 0
2194 1
2196 0
2197 1
2198 1
2199 0
2200 1
2201 0
2202 0
2203 0
2204 1
2205 0
2206 1
2207 0
2208 1
2209 1
2210 0
2211 0
2212 0
2213 0
2214 1
2215 0
2216 1
2217 0
2218 1
2219 1
2220 0
2221 0
2222 0
2223 0
2224 1
2225 0
2226 1
2227 1
2228 0
2229 0
2230 0
2231 1
2232 0
2233 1
2234 1
2235 0
2236 1
2237 1
2238 1
2239 1
2240 0
2241 1
2242 1
2243 0
2244 0
2245 0
2246 0
2247 1
2248 0
2249 1
2250 1
2251 0
2252 0
2253 1
2254 0
2255 1
2256 1
2257 1
2258 0
2259 0
2260 1
2261 1
2262 0
2263 1
2264 0
2265 0
2266 1
2267 0
2268 1
2269 1
2270 1
2271 1
2272 1
2273 1
2274 0
2275 1
2276 0
2277 1
2278 1
2279 0
2280 0
2281 1
2282 0
2283 0
2284 1
2285 0
2286 0
2287 0
2288 0
2289 1
2290 0
2291 0
2293 0
2294 1
2295 1
2296 1
2297 0
2298 0
2299 1
2300 0
2301 0
2303 1
2304 1
2305 0
2307 1
2309 0
2310 1
2311 0
2312 1
2313 1
2314 0
2315 1
2317 0
2318 0
2319 1
2320 1
2321 1
2322 0
2323 1
2324 0
2325 1
2326 0
2327 1
2328 0
2329 1
2330 1
2331 0
2332 0
2334 1
2335 1
2336 0
2337 0
2338 1
2339 0
2340 1
2342 0
2343 0
2344 0
2345 1
2346 1
2347 0
2348 1
2349 1
2350 1
2351 1
2352 0
2353 0
2354 1
2355 1
2356 1
2357 0
2358 0
2359 0
2360 0
2361 0
2362 0
2363 1
2364 0
2365 1
2366 1
2367 0
2368 0
2369 1
2370 1
2371 0
2372 1
2373 1
2374 0
2375 0
2376 0
2377 1
2378 1
2379 0
2380 1
2381 1
2382 1
2383 0
2384 0
2385 0
2386 1
2387 0
2388 0
2389 0
2391 0
2392 1
2393 0
2394 1
2395 0
2396 0
2397 0
2398 1
2399 0
2400 1
2401 1
2402 0
2403 0
2404 0
2405 0
2406 0
2407 1
2408 0
2409 0
2410 1
2411 1
2412 1
2413 1
2414 1
2415 1
2416 1
2417 1
2419 1
2420 1
2421 0
2422 1
2423 0
2424 0
2425 0
2426 0
2427 1
2428 1
2429 1
2431 1
2432 0
2433 1
2434 0
2435 0
2436 1
2437 1
2438 1
2439 1
2441 0
2442 0
2443 0
2444 0
2445 0
2446 0
2447 1
2449 1
2450 0
2451 1
2453 1
2454 1
2455 0
2456 1
2457 1
2458 1
2459 0
2460 1
2461 0
2462 0
2463 1
2464 0
2465 1
2466 1
2467 1
2468 0
2469 0
2470 1
2471 1
2472 1
2473 1
2474 0
2475 0
2476 1
2477 0
2478 0
2479 1
2480 0
2481 1
2482 0
2483 1
2484 1
2485 1
2487 1
2488 0
2489 0
2490 1
2491 0
2492 0
2494 0
2495 1
2496 0
2497 0
2498 1
2499 1
2500 0
2501 1
2502 1
2503 1
2504 1
2505 1
2506 0
2508 0
2509 1
2510 1
2511 0
2512 1
2513 0
2514 1
2515 1
2516 0
2518 1
2519 1
2520 0
2521 1
2522 0
2523 0
2524 1
2525 0
2526 0
2527 0
2528 0
2529 1
2530 0
2531 0
2532 0
2533 0
2534 1
2536 0
2537 1
2538 1
2539 1
2540 0
2542 1
2543 1
2544 1
2545 1
2547 1
2548 1
2549 0
2550 1
2552 1
2553 1
2554 1
2555 1
2556 0
2557 1
2558 0
2559 1
2560 1
2561 1
2562 0
2563 1
2564 1
2565 0
2566 0
2567 1
2568 1
2569 1
2570 0
2573 1
2575 0
2576 1
2578 0
2579 0
2580 1
2581 0
2582 1
2584 1
2585 0
2586 1
2587 0
2589 0
2590 0
2592 1
2593 0
2594 1
2595 1
2596 0
2597 1
2598 0
2599 1
2600 1
2601 1
2602 0
2603 1
2604 1
2605 1
2606 0
2607 1
2608 1
2609 0
2610 0
2611 0
2612 1
2613 0
2614 1
2615 0
2616 0
2617 1
2618 0
2621 1
2622 0
2623 1
2624 0
2625 1
2626 1
2627 1
2628 1
2629 1
2630 1
2631 1
2632 0
2633 1
2634 0
2635 1
2636 0
2637 0
2638 1
2640 1
2641 1
2642 1
2643 1
2644 0
2645 1
2646 0
2647 1
2648 1
2649 1
2650 0
2651 0
2652 0
2653 1
2654 0
2655 1
2657 1
2658 1
2659 0
2660 1
2661 1
2663 0
2664 0
2665 0
2666 1
2667 0
2668 0
2669 1
2670 1
2671 1
2672 0
2673 0
2674 1
2675 1
2676 1
2677 1
2678 0
2679 1
2680 1
2681 1
2682 0
2683 1
2684 1
2685 0
2686 0
2687 1
2688 1
2689 1
2690 1
2691 1
2692 1
2693 1
2694 0
2695 1
2696 1
2697 0
2698 1
2699 1
2700 0
2701 1
2702 0
2703 1
2705 0
2706 0
2707 1
2708 1
2709 1
2710 1
2711 0
2712 1
2713 1
2714 0
2715 1
2716 1
2717 0
2718 0
2719 1
2720 0
2721 1
2722 1
2723 1
2724 0
2725 0
2726 1
2727 0
2728 0
2729 1
2730 1
2731 0
2732 1
2733 0
2734 1
2735 1
2736 1
2738 1
2739 0
2740 1
2741 0
2742 1
2743 1
2744 1
2745 1
2746 1
2747 1
2748 0
2749 0
2751 0
2752 0
2753 0
2755 1
2756 0
2757 1
2759 0
2760 1
2761 0
2762 1
2763 0
2764 0
2765 1
2766 1
2767 0
2768 0
2769 0
2770 1
2771 1
2772 0
2773 0
2774 0
2775 0
2776 0
2778 0
2779 1
2780 1
2781 1
2783 1
2784 1
2785 0
2786 1
2787 1
2788 0
2789 1
2790 0
2791 1
2792 0
2793 1
2794 1
2795 0
2796 1
2797 1
2798 1
2799 0
2800 1
2802 0
2803 1
2804 0
2807 1
2808 1
2809 1
2810 1
2811 1
2812 1
2813 1
2814 1
2816 1
2817 0
2818 1
2819 1
2820 1
2821 1
2822 1
2823 0
2825 0
2826 1
2827 1
2828 1
2829 1
2830 1
2832 0
2833 1
2834 0
2835 1
2836 1
2837 0
2838 1
2839 1
2840 0
2841 0
2842 1
2844 0
2845 0
2846 0
2847 1
2848 1
2849 1
2850 1
2851 1
2852 1
2853 1
2854 0
2855 0
2856 0
2857 1
2858 1
2859 1
2860 0
2861 1
2862 1
2863 0
2864 0
2865 0
2866 1
2867 1
2868 0
2869 0
2870 0
2871 0
2872 1
2873 0
2875 1
2876 0
2878 1
2879 1
2880 1
2881 0
2882 1
2883 1
2884 0
2885 1
2886 1
2887 1
2888 0
2889 0
2890 0
2891 1
2892 0
2893 1
2894 0
2895 0
2896 0
2897 1
2898 0
2900 1
2901 0
2902 1
2904 1
2905 0
2906 1
2907 0
2908 1
2909 0
2910 1
2911 0
2912 1
2913 1
2914 1
2916 0
2917 0
2918 0
2919 0
2920 0
2921 0
2922 1
2923 1
2924 0
2925 1
2927 1
2928 1
2929 1
2930 0
2931 0
2932 0
2933 0
2934 0
2935 0
2936 0
2937 0
2938 1
2939 1
2940 1
2942 1
2943 0
2944 1
2945 1
2946 0
2947 1
2948 1
2949 1
2951 1
2952 1
2953 0
2954 0
2955 0
2957 1
2958 0
2959 0
2960 1
2961 1
2962 1
2963 1
2964 0
2965 0
2966 1
2967 0
2968 1
2969 1
2970 1
2971 1
2973 1
2974 1
2975 1
2977 0
2978 1
2979 1
2980 0
2981 0
2982 1
2983 1
2984 0
2985 0
2986 1
2987 1
2989 0
2990 1
2991 1
2992 1
2993 1
2995 0
2996 1
2997 1
2998 0
3000 0
3001 0
3002 1
3003 1
3004 0
3005 1
3006 1
3007 1
3008 0
3009 1
3010 1
3011 1
3012 1
3013 0
3014 1
3015 1
3016 0
3017 0
3018 0
3020 1
3021 1
3022 0
3023 1
3025 0
3026 0
3027 0
3028 1
3029 0
3030 0
3031 0
3032 0
3033 1
3034 1
3035 1
3038 0
3039 0
3040 0
3041 1
3042 1
3043 1
3044 0
3046 1
3047 0
3048 1
3049 1
3050 0
3053 0
3054 1
3055 1
3056 1
3057 1
3058 0
3059 1
3060 1
3061 0
3062 0
3063 1
3064 1
3065 1
3066 0
3067 1
3068 1
3069 1
3070 0
3071 1
3072 0
3073 1
3074 1
3075 1
3076 1
3077 0
3078 1
3079 0
3080 0
3081 1
3082 1
3083 0
3084 1
3085 0
3086 1
3087 0
3088 1
3089 1
3090 0
3091 0
3092 1
3093 0
3094 0
3095 0
3096 1
3097 1
3098 1
3099 1
3100 1
3101 0
3102 0
3103 0
3104 1
3105 1
3106 0
3107 0
3108 1
3109 0
3110 1
3112 0
3113 0
3114 1
3115 0
3116 0
3117 0
3118 1
3119 1
3120 1
3121 1
3122 1
3123 1
3124 1
3125 0
3126 0
3127 1
3128 0
3129 1
3130 1
3131 0
3132 0
3134 0
3136 0
3137 0
3138 1
3139 0
3140 0
3141 1
3142 1
3143 0
3144 0
3145 0
3146 1
3147 1
3148 1
3149 0
3150 0
3151 1
3152 1
3153 0
3154 1
3156 1
3157 0
3158 1
3159 0
3160 0
3161 1
3162 0
3163 0
3164 1
3165 0
3166 0
3167 1
3168 1
3169 1
3170 1
3171 0
3172 1
3173 0
3176 1
3177 1
3178 1
3179 1
3180 0
3181 1
3182 1
3183 1
3184 0
3185 1
3186 1
3187 1
3188 1
3189 1
3190 0
3191 0
3192 0
3193 1
3194 1
3195 1
3196 0
3197 0
3198 1
3199 1
3200 0
3202 1
3203 1
3204 0
3205 1
3206 1
3207 1
3208 0
3209 1
3210 1
3211 0
3212 0
3213 1
3214 0
3215 0
3216 0
3217 1
3219 0
3220 1
3221 1
3223 0
3224 0
3225 0
3226 0
3227 0
3228 0
3229 1
3230 0
3231 0
3232 1
3233 0
3234 1
3235 0
3236 0
3237 1
3239 1
3240 0
3241 1
3243 0
3244 1
3245 1
3246 1
3247 0
3248 1
3249 1
3250 0
3251 0
3253 1
3254 0
3255 1
3256 0
3257 1
3259 1
3260 0
3261 1
3262 1
3263 0
3264 1
3265 1
3266 1
3267 0
3268 1
3270 0
3271 1
3272 0
3273 0
3274 1
3275 0
3276 0
3277 1
3278 1
3280 0
3281 1
3282 0
3283 0
3284 0
3286 1
3287 1
3288 0
3289 1
3290 1
3291 0
3292 0
3293 0
3294 0
3295 1
3296 1
3297 0
3298 1
3300 1
3301 0
3302 0
3303 1
3304 0
3305 0
3306 1
3307 1
3308 0
3310 0
3311 1
3312 1
3314 1
3315 0
3317 1
3318 1
3319 1
3320 0
3321 0
3322 1
3323 1
3324 1
3325 1
3326 0
3327 1
3328 1
3329 0
3330 1
3331 1
3332 1
3333 0
3334 1
3335 1
3336 1
3337 0
3338 0
3339 0
3340 0
3341 1
3342 1
3343 1
3344 0
3345 0
3347 0
3348 0
3349 0
3350 0
3351 0
3352 0
3353 1
3354 0
3355 1
3356 1
3357 0
3358 1
3359 1
3360 1
3361 1
3362 1
3364 0
3365 1
3366 0
3368 1
3369 0
3370 1
3372 1
3373 1
3374 0
3375 0
3376 0
3377 1
3378 0
3379 1
3380 1
3381 0
3382 1
3383 0
3384 1
3385 1
3386 1
3387 1
3388 0
3389 1
3390 0
3391 0
3392 1
3393 1
3394 0
3395 0
3396 1
3397 1
3398 0
3399 0
3400 1
3401 1
3402 0
3403 1
3404 1
3405 1
3406 1
3407 0
3409 1
3410 0
3411 1
3412 1
3414 0
3415 0
3416 1
3417 1
3418 1
3419 0
3421 1
3422 1
3423 1
3424 1
3425 1
3426 1
3427 1
3428 0
3429 1
3430 0
3431 1
3432 1
3433 1
3434 0
3435 1
3436 1
3437 0
3438 0
3439 1
3440 0
3441 0
3442 1
3443 0
3444 0
3445 1
3446 1
3447 0
3448 1
3449 1
3450 0
3451 1
3452 1
3453 1
3454 0
3455 0
3456 0
3457 1
3458 1
3459 0
3460 0
3461 1
3462 1
3463 0
3465 0
3466 0
3467 1
3468 1
3470 1
3471 0
3472 1
3473 1
3474 1
3475 1
3476 0
3477 0
3478 1
3479 1
3480 1
3481 1
3482 0
3483 0
3484 1
3485 0
3486 0
3487 0
3489 0
3492 0
3493 1
3494 1
3495 1
3497 1
3498 1
3499 1
3500 0
3501 0
3503 1
3504 0
3505 0
3506 1
3507 1
3508 0
3509 1
3510 0
3512 1
3514 0
3515 1
3517 0
3518 1
3519 0
3520 0
3521 1
3522 0
3523 0
3524 1
3525 1
3526 1
3527 0
3528 0
3529 1
3530 1
3531 1
3532 1
3534 1
3535 1
3537 0
3539 0
3540 1
3541 0
3542 1
3544 1
3545 1
3546 1
3547 1
3548 1
3549 1
3550 0
3551 1
3552 0
3553 0
3554 1
3555 1
3557 1
3558 0
3559 0
3560 0
3562 1
3563 0
3564 0
3565 1
3566 1
3567 1
3568 0
3569 1
3570 1
3571 1
3572 1
3573 1
3574 0
3575 0
3576 1
3577 0
3578 1
3579 1
3580 0
3581 0
3582 1
3583 0
3584 1
3585 0
3586 1
3587 1
3588 1
3589 1
3590 0
3591 1
3592 1
3593 0
3594 0
3596 0
3597 0
3598 1
3599 0
3600 0
3601 1
3602 1
3603 1
3604 0
3605 1
3606 0
3607 1
3608 0
3609 1
3610 0
3611 0
3612 0
3613 1
3614 1
3615 0
3616 0
3617 1
3618 1
3619 0
3620 0
3621 1
3622 1
3623 0
3624 1
3625 1
3626 0
3627 0
3628 0
3629 1
3630 1
3632 1
3633 1
3634 1
3635 1
3636 1
3637 0
3640 1
3641 1
3642 1
3643 1
3644 1
3645 1
3647 1
3648 1
3649 1
3650 1
3652 0
3653 0
3655 0
3656 0
3657 1
3658 0
3659 0
3660 1
3661 0
3663 1
3664 1
3665 1
3666 1
3667 0
3668 1
3669 1
3670 1
3671 0
3672 1
3673 1
3674 0
3675 0
3676 1
3677 0
3678 0
3679 1
3680 1
3682 0
3683 0
3684 1
3685 1
3686 1
3687 0
3688 1
3689 0
3691 1
3692 0
3693 0
3694 1
3695 1
3696 1
3697 0
3698 1
3699 1
3701 1
3703 0
3704 0
3705 0
3706 0
3708 0
3709 1
3710 1
3712 1
3713 1
3714 0
3715 1
3716 0
3717 0
3718 1
3720 0
3721 0
3722 0
3723 1
3725 0
3726 0
3727 0
3729 0
3730 1
3731 0
3732 0
3733 0
3734 0
3735 0
3736 1
3737 1
3738 1
3739 0
3740 0
3741 1
3742 1
3743 1
3744 1
3745 0
3746 1
3747 1
3748 0
3749 1
3751 1
3752 0
3753 1
3754 0
3755 1
3756 0
3757 1
3759 1
3760 1
3761 0
3762 1
3763 1
3764 0
3765 1
3767 0
3768 0
3769 0
3770 1
3771 1
3772 1
3773 0
3774 0
3776 0
3777 1
3779 0
3780 0
3781 1
3782 0
3783 1
3785 0
3786 1
3787 1
3788 1
3789 0
3790 0
3791 1
3792 0
3793 1
3794 1
3795 0
3796 1
3797 0
3798 0
3799 0
3800 0
3801 1
3802 0
3803 0
3804 1
3805 1
3806 0
3807 0
3808 0
3809 1
3810 0
3811 1
3813 0
3814 1
3815 0
3817 1
3818 1
3819 0
3820 0
3821 0
3822 1
3823 1
3824 1
3825 0
3826 0
3827 1
3829 1
3830 0
3831 0
3832 0
3833 1
3834 1
3835 0
3836 0
3837 1
3838 1
3839 0
3840 0
3841 1
3842 0
3843 0
3844 1
3845 0
3846 1
3847 0
3848 1
3850 0
3851 1
3852 1
3853 1
3854 1
3855 1
3856 0
3857 0
3858 0
3859 0
3860 0
3861 1
3862 0
3863 0
3864 0
3865 0
3866 1
3867 1
3868 1
3869 1
3870 1
3871 1
3872 1
3873 1
3874 0
3875 0
3876 0
3877 1
3878 1
3879 1
3880 1
3881 0
3882 1
3883 1
3884 1
3885 1
3886 1
3887 1
3888 1
3889 1
3890 1
3891 1
3892 1
3893 0
3895 1
3896 1
3897 1
3898 1
3899 1
3900 0
3901 1
3902 0
3903 0
3904 1
3905 0
3906 1
3907 1
3908 0
3909 0
3911 1
3912 1
3913 1
3914 0
3915 1
3916 1
3917 0
3918 1
3919 0
3920 0
3921 0
3922 0
3923 0
3924 0
3925 0
3927 0
3928 1
3929 0
3930 1
3931 1
3932 0
3933 0
3934 0
3935 0
3936 1
3937 1
3938 1
3939 0
3940 1
3941 1
3942 1
3943 1
3944 1
3945 1
3946 0
3947 0
3948 0
3949 0
3950 1
3951 1
3952 0
3953 1
3954 0
3955 0
3957 0
3958 1
3959 0
3960 1
3962 0
3963 0
3964 1
3965 0
3966 1
3967 1
3968 0
3969 0
3971 1
3972 0
3973 0
3974 1
3975 0
3976 1
3977 0
3978 1
3979 1
3980 1
3981 1
3982 1
3983 1
3984 1
3985 1
3986 0
3987 0
3988 1
3989 1
3990 1
3991 0
3992 0
3993 1
3994 1
3996 0
3997 1
3998 0
3999 1
4000 1
4001 0
4002 0
4003 0
4004 0
4005 0
4006 1
4007 1
4008 0
4009 1
4010 0
4011 1
4012 1
4013 1
4014 0
4015 0
4016 1
4017 0
4018 1
4019 1
4020 1
4021 0
4022 1
4023 1
4024 1
4026 0
4027 1
4028 0
4029 1
4030 0
4031 0
4032 0
4033 0
4034 0
4035 0
4036 1
4037 0
4039 0
4040 0
4041 1
4042 1
4043 0
4044 1
4045 1
4046 0
4048 1
4050 1
4051 1
4052 1
4053 0
4054 1
4055 0
4056 1
4057 1
4058 0
4059 0
4060 1
4061 1
4062 0
4064 0
4065 0
4067 1
4068 1
4069 1
4070 1
4071 1
4072 0
4073 0
4074 0
4075 0
4076 1
4077 1
4078 0
4079 1
4080 1
4081 0
4082 1
4083 1
4084 1
4085 0
4086 0
4087 0
4088 1
4090 0
4091 1
4092 0
4093 0
4094 0
4095 0
4097 1
4098 1
4101 0
4102 1
4103 1
4104 1
4105 1
4106 0
4107 1
4108 1
4109 0
4111 0
4112 0
4113 0
4114 1
4115 1
4116 0
4117 1
4118 0
4119 1
4120 0
4121 1
4122 1
4123 1
4124 0
4125 0
4126 0
4127 1
4128 0
4129 1
4130 0
4131 1
4132 0
4133 1
4134 1
4135 1
4136 1
4137 1
4138 0
4139 0
4140 1
4141 1
4142 0
4143 0
4144 0
4145 0
4146 0
4147 0
4148 1
4149 0
4151 1
4152 0
4153 1
4154 0
4155 0
4156 1
4157 1
4158 1
4159 0
4160 0
4161 0
4162 1
4163 0
4164 0
4165 1
4166 1
4167 1
4168 1
4169 0
4170 0
4171 1
4172 1
4173 1
4174 1
4175 0
4176 1
4178 0
4179 1
4180 1
4181 1
4182 0
4183 1
4184 0
4185 1
4186 1
4187 0
4188 1
4189 1
4190 0
4191 0
4192 1
4193 1
4194 1
4195 1
4196 1
4198 0
4199 1
4200 0
4201 1
4202 1
4203 1
4204 0
4205 0
4206 1
4208 1
4209 0
4210 0
4211 0
4212 0
4213 1
4214 1
4215 1
4216 1
4218 1
4219 0
4220 1
4221 0
4222 0
4225 0
4226 0
4227 1
4228 0
4229 0
4231 1
4232 0
4233 0
4234 0
4235 1
4236 1
4237 0
4238 0
4241 1
4242 0
4243 1
4244 0
4245 1
4246 1
4247 0
4248 1
4249 1
4250 0
4251 0
4253 0
4254 0
4256 0
4257 1
4258 1
4259 0
4260 1
4261 1
4262 0
4263 1
4264 1
4265 0
4266 0
4267 0
4268 0
4269 1
4271 0
4272 0
4273 1
4274 1
4276 0
4277 1
4278 1
4280 0
4281 0
4282 0
4283 1
4284 1
4285 0
4286 0
4287 0
4288 1
4289 0
4291 0
4292 1
4293 0
4294 0
4295 0
4296 0
4297 0
4298 1
4299 1
4300 1
4302 1
4303 1
4304 1
4305 0
4306 1
4307 0
4308 0
4309 1
4310 1
4311 0
4312 1
4313 0
4314 0
4315 1
4316 0
4317 0
4318 1
4319 0
4320 1
4321 1
4322 1
4323 1
4324 0
4325 0
4326 1
4327 1
4328 1
4329 1
4330 0
4331 0
4332 1
4333 0
4334 1
4335 0
4336 1
4337 0
4338 0
4339 0
4340 1
4342 0
4343 1
4344 1
4345 0
4346 1
4347 1
4348 1
4349 0
4350 1
4351 0
4353 0
4354 1
4355 1
4356 1
4357 0
4358 1
4359 1
4360 0
4361 0
4363 0
4364 0
4365 1
4366 0
4367 1
4368 0
4369 1
4370 0
4371 0
4372 1
4373 1
4374 1
4375 1
4376 0
4377 1
4378 1
4379 0
4380 1
4381 1
4382 0
4383 1
4386 0
4387 1
4388 0
4389 1
4390 0
4391 0
4392 1
4393 0
4394 1
4395 0
4396 0
4397 0
4398 0
4399 1
4400 0
4401 0
4402 1
4403 0
4405 1
4406 1
4407 1
4408 1
4410 1
4411 1
4412 1
4413 0
4414 1
4415 1
4416 1
4417 0
4418 1
4419 0
4421 1
4422 1
4423 0
4424 1
4425 0
4426 0
4427 0
4428 0
4429 0
4430 1
4431 1
4432 1
4433 1
4434 1
4435 1
4436 0
4437 0
4438 1
4439 1
4440 1
4441 1
4443 0
4444 1
4445 0
4446 1
4447 1
4448 1
4449 0
4450 0
4451 1
4452 0
4453 1
4454 1
4455 0
4456 0
4457 0
4458 0
4459 1
4460 1
4462 1
4463 1
4464 1
4465 1
4466 1
4467 0
4468 1
4469 1
4470 1
4471 1
4472 1
4473 1
4474 0
4475 0
4477 0
4479 0
4480 0
4481 1
4482 1
4483 0
4484 1
4485 1
4486 0
4487 0
4488 1
4489 1
4490 0
4491 1
4492 1
4493 0
4494 0
4495 1
4496 0
4497 0
4498 1
4499 0
4500 1
4502 1
4503 1
4504 0
4505 0
4506 0
4507 0
4508 1
4509 0
4510 1
4511 0
4512 1
4514 1
4516 0
4517 0
4518 1
4519 0
4520 1
4521 1
4522 0
4524 0
4525 0
4526 1
4527 1
4528 0
4529 0
4530 1
4531 0
4532 1
4534 1
4535 0
4536 0
4538 1
4539 1
4540 0
4541 1
4542 1
4543 1
4544 0
4545 1
4547 0
4548 0
4550 1
4551 1
4553 1
4554 0
4555 0
4556 0
4557 1
4560 1
4561 0
4562 1
4563 0
4565 0
4566 1
4567 1
4568 1
4569 0
4570 1
4571 0
4572 0
4573 1
4574 1
4575 0
4576 1
4577 1
4578 0
4579 1
4580 1
4581 1
4582 1
4583 1
4584 0
4585 1
4586 0
4587 1
4588 1
4589 0
4590 0
4591 1
4592 1
4594 0
4595 0
4596 1
4597 0
4598 0
4599 0
4600 1
4601 0
4602 0
4603 0
4605 0
4606 1
4607 1
4608 1
4609 0
4610 0
4612 0
4613 0
4614 0
4615 0
4616 1
4617 1
4618 0
4619 1
4620 1
4621 1
4622 0
4623 0
4625 1
4626 1
4627 0
4628 0
4629 0
4631 1
4633 0
4634 1
4635 1
4636 0
4637 0
4638 0
4639 1
4640 1
4641 1
4642 1
4643 0
4644 1
4645 1
4646 1
4647 0
4648 0
4649 1
4650 1
4651 1
4652 1
4653 0
4654 1
4656 1
4657 1
4658 0
4659 0
4661 1
4663 1
4664 1
4665 0
4666 0
4667 0
4668 0
4669 1
4671 0
4672 1
4673 1
4674 0
4676 0
4678 1
4679 1
4680 0
4681 0
4682 1
4683 0
4684 1
4685 1
4686 0
4687 1
4688 0
4689 0
4690 1
4691 0
4692 0
4693 1
4694 0
4695 1
4696 1
4698 0
4699 0
4700 0
4701 1
4702 1
4703 1
4704 1
4705 0
4706 0
4707 0
4708 1
4709 0
4711 0
4712 1
4713 1
4714 0
4715 1
4716 0
4717 0
4718 1
4719 1
4720 0
4721 0
4722 1
4723 1
4724 1
4725 1
4726 1
4727 1
4728 1
4729 1
4730 1
4732 0
4733 0
4734 1
4735 1
4736 0
4737 1
4738 1
4739 0
4740 0
4741 1
4742 1
4743 1
4744 0
4745 1
4746 1
4747 1
4748 0
4749 1
4750 0
4751 1
4752 0
4753 0
4754 1
4755 0
4756 1
4757 0
4759 1
4760 1
4761 0
4762 1
4763 0
4764 0
4765 1
4766 0
4767 1
4768 0
4769 1
4770 0
4771 1
4772 0
4773 1
4774 0
4775 0
4776 1
4777 0
4778 0
4779 0
4780 0
4781 0
4784 0
4785 0
4787 1
4788 1
4789 0
4790 1
4791 0
4792 1
4793 1
4794 1
4795 0
4797 1
4798 1
4799 1
4800 0
4802 0
4803 1
4804 1
4805 1
4806 1
4807 1
4808 1
4809 1
4810 1
4811 1
4812 0
4813 0
4814 1
4815 1
4816 1
4818 0
4819 0
4821 1
4822 1
4823 1
4824 1
4825 1
4826 1
4827 1
4828 0
4829 1
4831 0
4832 0
4833 1
4834 1
4835 0
4836 1
4837 0
4838 1
4839 1
4840 1
4841 1
4842 1
4843 1
4844 1
4846 1
4847 0
4848 0
4849 0
4850 1
4851 1
4852 0
4853 0
4854 1
4855 0
4856 1
4858 1
4859 1
4860 0
4861 0
4862 1
4863 1
4864 1
4865 1
4866 1
4867 1
4868 1
4869 1
4870 1
4871 1
4872 1
4873 1
4875 1
4876 0
4877 1
4878 0
4879 1
4880 0
4881 1
4882 1
4884 0
4886 0
4887 1
4888 1
4889 0
4890 0
4891 1
4892 0
4893 1
4894 1
4895 0
4896 0
4897 1
4898 1
4899 0
4900 1
4901 0
4902 0
4903 1
4904 0
4905 0
4906 1
4907 1
4908 0
4911 1
4912 1
4913 1
4915 1
4916 1
4917 0
4918 1
4919 1
4921 1
4922 0
4924 0
4926 1
4927 0
4928 1
4929 1
4930 0
4931 1
4932 0
4933 1
4934 1
4935 0
4936 1
4937 0
4938 0
4939 0
4940 0
4941 0
4942 0
4943 1
4944 0
4945 1
4946 1
4947 1
4948 1
4949 1
4950 1
4951 1
4952 0
4953 0
4954 1
4955 0
4956 0
4957 1
4958 1
4959 1
4960 0
4962 0
4963 0
4964 1
4965 1
4966 1
4967 1
4968 0
4969 1
4970 1
4971 0
4972 1
4973 1
4974 1
4975 1
4976 0
4977 0
4978 1
4979 1
4980 0
4981 0
4982 1
4983 0
4984 0
4985 1
4986 1
4987 1
4988 0
4989 0
4990 1
4991 0
4992 1
4993 1
4994 1
4996 0
4997 1
4998 0
4999 0
5000 0
5001 1
5002 0
5003 0
5004 1
5005 1
5006 0
5007 1
5008 1
5010 0
5011 1
5013 0
5014 0
5016 1
5017 1
5018 0
5019 1
5020 0
5021 1
5022 1
5023 1
5024 1
5025 1
5027 0
5028 1
5029 1
5030 0
5031 1
5032 1
5033 1
5034 1
5035 1
5036 0
5037 0
5038 0
5039 1
5040 1
5041 1
5042 1
5043 0
5044 1
5045 1
5046 0
5047 1
5048 0
5049 1
5050 0
5051 0
5052 0
5054 0
5055 1
5056 1
5057 0
5058 1
5059 1
5060 0
5061 0
5062 1
5063 0
5064 0
5066 1
5067 0
5068 1
5069 1
5071 0
5072 1
5073 1
5074 1
5075 1
5076 0
5077 1
5078 0
5079 1
5080 0
5081 1
5082 0
5084 0
5085 0
5086 0
5087 0
5088 0
5089 1
5090 1
5092 0
5093 1
5094 0
5095 1
5096 0
5097 1
5098 0
5099 1
5100 0
5101 0
5102 0
5103 1
5104 1
5105 0
5106 0
5107 0
5108 1
5109 1
5110 0
5111 1
5112 1
5113 0
5114 1
5115 0
5116 0
5117 1
5118 1
5119 0
5120 1
5121 0
5122 0
5123 0
5124 0
5126 1
5127 0
5128 1
5129 1
5130 1
5131 1
5132 0
5133 0
5134 0
5135 1
5136 0
5137 0
5138 1
5139 0
5140 1
5141 1
5142 1
5143 1
5144 1
5145 1
5146 0
5147 1
5148 0
5149 0
5150 0
5151 0
5152 1
5153 1
5154 1
5155 1
5156 1
5157 1
5158 0
5160 0
5161 1
5162 0
5163 0
5164 0
5165 1
5166 0
5167 0
5168 1
5169 0
5170 0
5171 0
5172 1
5173 0
5174 1
5175 0
5176 0
5177 0
5179 1
