0 1
1 1
3 0
4 1
5 0
6 1
7 0
8 1
9 1
10 0
11 1
13 0
14 1
15 0
16 0
17 0
18 1
19 1
20 1
21 0
22 0
23 0
24 0
25 1
26 0
28 1
29 0
30 0
31 0
32 1
33 0
34 1
35 0
36 0
37 1
38 1
39 1
40 0
42 0
43 0
45 0
46 0
47 0
48 1
49 0
50 0
51 1
53 1
54 0
55 0
57 0
58 0
59 1
60 1
61 1
62 1
63 0
64 0
65 1
66 1
67 0
68 1
69 0
70 0
71 0
72 0
73 0
74 0
75 0
76 1
77 0
78 1
79 0
80 0
81 0
82 1
83 1
84 0
85 1
86 0
87 1
88 0
89 0
90 1
91 0
92 0
94 1
95 0
96 0
97 0
98 0
99 0
100 1
101 0
102 0
103 0
104 0
106 0
107 0
108 0
109 0
110 0
112 0
113 1
114 0
115 0
116 0
117 1
118 1
119 1
120 1
121 1
124 0
125 0
126 1
127 0
128 0
129 0
130 1
131 1
132 1
133 1
134 0
135 1
136 0
137 1
138 0
139 0
140 0
141 1
142 1
143 0
144 0
145 0
146 1
147 0
148 0
149 0
150 1
151 0
152 1
156 0
157 1
158 0
159 0
162 1
163 0
164 0
165 1
166 0
167 0
168 0
170 0
171 1
172 0
173 1
174 0
175 1
176 0
177 0
178 1
179 0
180 1
181 1
182 1
183 0
184 1
185 0
186 1
187 0
188 0
189 1
190 0
191 1
192 0
194 0
195 0
196 1
197 0
198 0
199 1
200 1
201 0
202 0
205 0
207 1
208 0
209 0
210 1
211 1
212 0
213 1
214 0
216 0
218 1
219 1
220 0
221 0
222 0
224 0
225 0
227 1
229 0
230 1
231 1
232 1
233 0
234 1
235 0
236 0
237 0
238 0
239 1
240 0
241 0
242 1
243 1
244 0
245 0
247 0
248 0
249 0
250 1
251 0
252 1
253 0
254 0
255 0
256 1
257 0
258 0
259 0
260 1
261 0
262 1
263 0
264 0
265 0
266 1
267 0
268 0
269 1
270 0
271 1
272 1
273 0
274 0
275 0
276 1
277 0
278 0
279 1
280 0
281 1
282 1
283 0
284 1
285 0
286 0
287 0
288 1
289 0
290 0
291 0
293 1
294 1
295 0
296 0
297 0
298 0
299 0
300 0
301 1
302 1
303 0
304 1
306 0
307 0
308 1
309 0
311 1
312 0
314 0
316 1
318 0
319 0
320 0
323 1
324 1
325 0
326 0
327 1
328 1
329 0
330 0
331 0
334 0
335 0
336 1
337 1
338 1
339 1
340 0
341 0
342 0
343 0
344 0
346 1
347 1
348 0
349 0
350 1
351 0
352 1
353 0
354 0
355 1
356 0
357 1
359 0
360 0
361 0
362 1
363 0
364 1
365 0
366 1
367 0
368 1
369 0
370 1
371 0
372 0
373 1
374 1
375 1
376 1
377 1
378 0
380 0
381 0
382 1
383 1
384 1
385 1
386 1
388 1
389 1
390 0
391 1
392 1
393 0
394 1
395 1
396 0
397 0
398 1
399 0
400 1
401 1
402 1
403 1
404 0
405 1
406 0
407 1
408 0
409 1
410 0
411 1
412 0
414 0
415 1
416 0
417 1
418 1
419 0
420 0
421 1
422 0
423 0
424 1
425 1
426 1
427 0
428 1
429 0
430 1
431 0
432 0
433 0
434 1
435 0
436 1
437 1
438 1
439 1
440 0
441 1
443 0
444 0
445 0
446 0
447 0
449 0
450 1
451 1
453 0
454 0
455 0
456 0
457 0
458 0
459 0
460 0
461 0
462 0
463 1
464 0
465 0
466 0
467 1
468 0
469 1
470 0
471 1
473 0
474 1
475 0
476 0
477 0
478 0
479 1
480 1
481 1
483 1
484 1
485 1
486 1
487 1
488 0
489 1
490 0
492 0
493 0
494 0
495 0
496 0
497 1
498 0
499 1
500 1
501 0
502 1
503 0
504 0
505 0
506 0
508 0
509 1
510 0
511 0
512 0
513 0
514 1
515 0
516 0
517 0
518 1
520 1
521 0
522 0
523 1
524 0
525 0
526 1
527 0
528 0
529 1
530 1
531 0
532 1
533 1
534 0
535 0
536 1
537 0
538 0
539 1
540 0
541 0
542 1
543 0
544 0
545 0
546 1
547 1
548 0
549 0
550 1
551 0
552 0
553 0
554 1
555 0
556 0
557 0
558 0
559 0
560 1
561 1
562 1
563 0
564 0
565 1
567 0
568 1
569 0
570 1
571 1
573 0
574 0
575 0
576 1
577 0
578 0
579 1
580 0
581 0
582 0
583 0
584 0
585 0
586 0
588 1
589 0
590 1
591 0
592 0
593 1
594 0
595 0
597 1
599 1
600 0
601 1
602 0
603 0
605 0
607 0
608 1
609 0
610 0
611 0
613 1
614 0
615 1
616 1
617 1
618 1
619 1
620 1
621 1
623 1
624 0
625 0
627 0
629 1
630 1
631 0
632 1
633 1
634 0
635 0
636 0
637 0
638 1
639 0
640 0
641 1
642 1
643 0
644 1
645 0
646 0
647 0
648 1
649 1
650 0
652 0
653 1
654 0
655 1
657 1
658 0
659 1
660 0
661 1
662 1
663 1
664 1
665 0
666 0
667 0
668 0
669 1
670 1
671 0
672 1
673 0
674 0
677 1
680 0
681 1
682 0
684 0
685 0
686 1
687 0
688 1
689 1
690 0
691 0
692 0
693 1
694 0
696 0
697 0
698 1
699 1
700 0
703 0
704 0
705 1
706 1
707 1
708 1
709 1
710 0
711 1
712 0
713 0
714 0
715 1
716 0
717 0
718 1
719 1
720 1
721 1
722 1
723 0
724 0
725 0
726 0
727 0
728 0
729 1
730 1
732 1
734 0
735 0
736 0
737 1
738 1
739 0
741 1
742 0
743 0
745 1
746 0
747 1
748 0
749 0
750 0
751 1
752 0
753 0
754 0
755 1
756 1
757 1
758 0
759 0
760 0
761 1
762 1
763 0
764 1
765 1
766 0
768 0
769 1
770 0
771 0
772 0
774 0
776 0
777 1
779 0
780 1
781 1
782 1
783 0
784 0
785 0
787 0
789 0
790 1
791 0
792 0
793 0
794 1
795 1
796 1
797 0
798 0
799 1
800 1
801 0
802 1
803 1
804 0
805 1
806 1
807 0
809 1
810 0
811 0
812 0
813 0
814 0
815 1
816 0
817 0
818 0
819 1
820 0
821 0
822 1
823 0
824 0
825 0
827 0
828 0
829 1
830 0
831 0
832 1
833 0
834 0
836 0
837 0
838 1
839 1
840 0
841 0
842 1
844 0
845 0
846 1
847 1
848 1
850 1
851 1
852 0
853 0
854 1
855 0
856 0
857 0
858 0
859 1
860 0
862 0
863 0
865 1
866 1
867 0
868 1
869 1
870 0
871 1
872 0
873 1
874 0
875 0
876 0
877 0
878 1
879 0
882 1
883 1
884 1
885 1
887 1
888 1
889 0
890 0
891 1
892 1
893 0
894 0
895 0
896 1
897 1
898 0
899 0
901 1
902 1
903 1
904 1
905 0
906 0
907 0
908 0
909 1
910 1
911 1
912 0
913 0
914 1
915 0
916 0
917 1
918 0
919 1
920 0
921 1
922 1
923 0
924 1
925 0
927 0
928 0
929 1
930 0
931 0
932 0
933 0
934 0
935 1
936 1
938 0
939 1
940 0
942 0
943 1
945 0
946 0
947 0
948 0
949 1
950 0
951 0
952 0
953 0
954 1
955 1
956 1
957 1
958 1
959 1
960 1
961 0
