0 0
1 0
2 0
3 0
4 2
5 0
6 0
7 0
8 3
9 2
10 3
11 1
12 0
13 2
14 1
15 0
16 0
17 0
18 0
19 0
20 1
21 0
22 0
23 0
24 0
25 0
26 3
27 4
28 1
29 0
30 0
31 1
32 0
33 0
34 0
35 3
36 0
37 0
38 0
39 2
40 0
41 2
42 0
43 1
44 0
45 1
46 1
47 3
48 0
49 2
50 0
51 3
52 0
53 0
54 1
55 1
56 1
57 0
58 1
59 1
60 4
61 2
62 1
63 2
64 0
65 0
66 0
67 0
68 2
69 3
70 1
71 2
72 0
73 1
74 0
75 3
76 2
77 0
78 0
79 0
80 0
81 0
82 0
83 0
84 0
85 3
86 0
87 0
88 0
89 0
90 0
91 0
92 0
93 0
94 0
95 0
96 0
97 0
98 1
99 1
100 0
101 4
102 1
103 2
104 1
105 0
106 1
107 0
108 0
109 1
110 0
111 0
112 1
113 0
114 1
115 0
116 2
117 0
118 3
119 1
120 0
121 1
122 0
123 0
124 0
125 1
126 2
127 1
128 1
129 1
130 0
131 1
132 0
133 2
134 0
135 0
136 2
137 3
138 2
139 0
140 4
141 2
142 0
143 0
144 3
145 2
146 1
147 0
148 4
149 1
150 0
151 1
152 0
153 0
154 2
155 2
156 0
157 0
158 1
159 1
160 0
161 0
162 0
163 3
164 2
165 0
166 0
167 1
168 0
169 2
170 0
171 2
172 3
173 0
174 0
175 0
176 3
177 1
178 0
179 1
180 1
181 1
182 0
183 0
184 0
185 0
186 0
187 4
188 2
189 0
190 3
191 2
192 0
193 0
194 0
195 0
196 3
197 3
198 3
199 0
200 3
201 2
202 1
203 2
204 0
205 1
206 0
207 1
208 0
209 0
210 3
211 0
212 0
213 1
214 0
215 0
216 0
217 0
218 0
219 1
220 1
221 3
222 0
223 1
224 3
225 0
226 0
227 3
228 0
229 2
230 0
231 2
232 1
233 2
234 2
235 0
236 0
237 0
238 0
239 1
240 0
241 1
242 0
243 2
244 0
245 0
246 2
247 1
248 1
249 3
250 0
251 0
252 0
253 0
254 0
255 0
256 0
257 0
258 0
259 0
260 2
261 4
262 2
263 0
264 2
265 0
266 0
267 1
268 0
269 0
270 4
271 0
272 1
273 3
274 0
275 0
276 1
277 0
278 0
279 3
280 0
281 0
282 1
283 3
284 0
285 0
286 0
287 1
288 0
289 0
290 3
291 1
292 1
293 2
294 0
295 2
296 0
297 1
298 0
299 2
300 4
301 1
302 1
303 1
304 1
305 0
306 0
307 2
308 0
309 0
310 0
311 1
312 0
313 3
314 3
315 1
316 0
317 2
318 1
319 2
320 1
321 1
322 3
323 2
324 2
325 1
326 1
327 4
328 0
329 0
330 0
331 1
332 2
333 0
334 3
335 0
336 0
337 0
338 3
339 0
340 0
341 0
342 0
343 1
344 1
345 0
346 0
347 0
348 4
349 0
350 0
351 0
352 0
353 3
354 1
355 0
356 0
357 2
358 3
359 0
360 0
361 1
362 1
363 0
364 1
365 1
366 1
367 0
368 0
369 2
370 0
371 2
372 0
373 0
374 1
375 0
376 2
377 0
378 1
379 0
380 1
381 1
382 4
383 1
384 1
385 2
386 3
387 1
388 0
389 0
390 0
391 3
392 0
393 0
394 1
395 0
396 2
397 0
398 1
399 3
400 1
401 0
402 1
403 4
404 0
405 0
406 0
407 3
408 2
409 4
410 1
411 0
412 0
413 1
414 2
415 0
416 1
417 3
418 2
419 0
420 0
421 1
422 1
423 0
424 0
425 3
426 1
427 1
428 0
429 0
430 1
431 4
432 2
433 0
434 2
435 1
436 1
437 3
438 0
439 1
440 0
441 2
442 0
443 2
444 2
445 1
446 0
447 3
448 4
449 2
450 1
451 0
452 0
453 0
454 1
455 2
456 1
457 0
458 1
459 1
460 0
461 0
462 1
463 0
464 3
465 3
466 4
467 0
468 0
469 1
470 0
471 0
472 0
473 0
474 2
475 1
476 0
477 2
478 2
479 0
480 0
481 0
482 0
483 2
484 2
485 4
486 1
487 1
488 4
489 0
490 0
491 0
492 1
493 1
494 1
495 4
496 2
497 3
498 3
499 2
500 0
501 0
502 2
503 0
504 0
505 2
506 0
507 0
508 1
509 0
510 0
511 0
512 4
513 0
514 1
515 0
516 1
517 0
518 2
519 4
520 0
521 1
522 0
523 0
524 3
525 4
526 2
527 0
528 3
529 0
530 1
531 2
532 0
533 1
534 0
535 4
536 4
537 3
538 0
539 1
540 0
541 0
542 2
543 3
544 4
545 1
546 2
547 3
548 1
549 2
550 1
551 2
552 0
553 0
554 0
555 3
556 1
557 4
558 4
559 0
560 1
561 1
562 0
563 1
564 1
565 3
566 0
567 0
568 1
569 0
570 1
571 1
572 2
573 0
574 1
575 2
576 0
577 0
578 1
579 0
580 4
581 1
582 3
583 0
584 0
585 1
586 1
587 2
588 0
589 1
590 3
591 1
592 4
593 0
594 0
595 0
596 0
597 3
598 0
599 1
600 0
601 1
602 4
603 0
604 3
605 1
606 2
607 3
608 0
609 0
610 2
611 0
612 0
613 1
614 0
615 2
616 1
617 1
618 1
619 0
620 0
621 1
622 0
623 3
624 2
625 0
626 0
627 1
628 0
629 3
630 0
631 1
632 4
633 0
634 2
635 1
636 1
637 2
638 1
639 1
640 1
641 1
642 0
643 0
644 3
645 3
646 1
647 4
648 0
649 3
650 1
651 1
652 1
653 0
654 3
655 1
656 0
657 0
658 0
659 0
660 3
661 0
662 0
663 1
664 0
665 0
666 2
667 0
668 1
669 3
670 0
671 0
672 3
673 1
674 2
675 2
676 4
677 1
678 4
679 0
680 1
681 0
682 1
683 1
684 0
685 0
686 0
687 0
688 0
689 1
690 0
691 0
692 0
693 1
694 2
695 1
696 0
697 0
698 1
699 1
700 1
701 0
702 0
703 1
704 1
705 3
706 1
707 3
708 0
709 3
710 0
711 0
712 0
713 0
714 2
715 2
716 1
717 0
718 1
719 2
720 0
721 2
722 1
723 4
724 0
725 0
726 3
727 0
728 2
729 1
730 1
731 3
732 1
733 1
734 1
735 3
736 2
737 4
738 3
739 1
740 2
741 0
742 0
743 1
744 0
745 2
746 3
747 3
748 3
749 0
750 4
751 0
752 2
753 2
754 3
755 1
756 0
757 0
758 2
759 1
760 2
761 1
762 1
763 1
764 0
765 1
766 4
767 1
768 0
769 0
770 1
771 1
772 2
773 3
774 0
775 4
776 0
777 0
778 4
779 0
780 1
781 2
782 3
783 0
784 1
785 1
786 1
787 0
788 4
789 3
790 4
791 0
792 1
793 0
794 1
795 3
796 1
797 0
798 4
799 2
800 3
801 1
802 0
803 0
804 0
805 2
806 0
807 0
808 4
809 0
810 3
811 0
812 0
813 0
814 4
815 1
816 1
817 2
818 1
819 4
820 0
821 1
822 4
823 0
824 0
825 2
826 0
827 2
828 1
829 1
830 0
831 2
832 2
833 4
834 2
835 1
836 0
837 2
838 0
839 1
840 0
841 1
842 3
843 0
844 1
845 1
846 2
847 3
848 4
849 0
850 0
851 2
852 2
853 2
854 4
855 0
856 0
857 1
858 1
859 0
860 0
861 4
862 4
863 2
864 1
865 3
866 2
867 2
868 0
869 4
870 0
871 1
872 3
873 1
874 1
875 0
876 0
877 1
878 1
879 0
880 0
881 1
882 2
883 1
884 2
885 2
886 0
887 0
888 0
889 0
890 0
891 2
892 3
893 2
894 0
895 1
896 0
897 4
898 0
899 1
900 3
901 1
902 0
903 0
904 1
905 1
906 3
907 2
908 2
909 2
910 0
911 3
912 0
913 3
914 1
915 0
916 0
917 2
918 1
919 2
920 1
921 1
922 0
923 0
924 0
925 2
926 2
927 1
928 0
929 0
930 1
931 0
932 1
933 1
934 2
935 0
936 4
937 0
938 0
939 4
940 0
941 1
942 2
943 2
944 0
945 3
946 3
947 0
948 1
949 1
950 1
951 0
952 3
953 1
954 1
955 4
956 4
957 2
958 0
959 2
960 0
961 3
962 3
963 3
964 0
965 3
966 0
967 0
968 2
969 1
970 0
971 0
972 3
973 2
974 4
975 2
976 0
977 2
978 0
979 3
980 1
981 4
982 3
983 3
984 0
985 2
986 4
987 4
988 0
989 0
990 2
991 3
992 0
993 0
994 1
995 0
996 4
997 0
998 3
999 0
1000 4
1001 3
1002 2
1003 0
1004 4
1005 1
1006 0
1007 0
1008 1
1009 4
1010 0
1011 1
1012 0
1013 0
1014 2
1015 1
1016 3
1017 3
1018 0
1019 0
1020 2
1021 2
1022 3
1023 0
1024 3
1025 2
1026 0
1027 3
1028 2
1029 4
1030 2
1031 2
1032 1
1033 0
1034 3
1035 0
1036 1
1037 3
1038 0
1039 2
1040 1
1041 3
1042 0
1043 2
1044 4
1045 3
1046 2
1047 0
1048 2
1049 0
1050 0
1051 4
1052 0
1053 3
1054 4
1055 0
1056 0
1057 3
1058 4
1059 4
1060 3
1061 2
1062 0
1063 1
1064 4
1065 2
1066 0
1067 2
1068 0
1069 1
1070 0
1071 1
1072 3
1073 1
1074 2
1075 2
1076 0
1077 1
1078 3
1079 0
1080 1
1081 0
1082 0
1083 1
1084 0
1085 3
1086 0
1087 2
1088 2
1089 3
1090 2
1091 1
1092 0
1093 0
1094 0
1095 0
1096 1
1097 0
1098 3
1099 1
1100 3
1101 1
1102 0
1103 2
1104 2
1105 3
1106 2
1107 0
1108 0
1109 3
1110 2
1111 3
1112 0
1113 4
1114 2
1115 0
1116 2
1117 3
1118 2
1119 3
1120 0
1121 1
1122 3
1123 1
1124 2
1125 1
1126 1
1127 3
1128 1
1129 0
1130 2
1131 1
1132 3
1133 1
1134 1
1135 2
1136 4
1137 0
1138 0
1139 1
1140 0
1141 0
1142 1
1143 2
1144 4
1145 0
1146 0
1147 0
1148 0
1149 4
1150 1
1151 0
1152 1
1153 3
1154 4
1155 2
1156 1
1157 2
1158 4
1159 3
1160 1
1161 2
1162 4
1163 2
1164 1
1165 1
1166 0
1167 2
1168 4
1169 2
1170 2
1171 0
1172 2
1173 0
1174 0
1175 3
1176 3
1177 3
1178 0
1179 0
1180 0
1181 1
1182 4
1183 3
1184 0
1185 4
1186 0
1187 2
1188 0
1189 1
1190 0
1191 1
1192 2
1193 3
1194 0
1195 3
1196 3
1197 4
1198 2
1199 2
1200 0
1201 0
1202 1
1203 0
1204 1
1205 0
1206 1
1207 1
1208 1
1209 0
1210 2
1211 2
1212 4
1213 0
1214 0
1215 2
1216 3
1217 3
1218 3
1219 0
1220 0
1221 1
1222 2
1223 0
1224 1
1225 0
1226 1
1227 3
1228 0
1229 2
1230 0
1231 1
1232 3
1233 1
1234 1
1235 0
1236 1
1237 1
1238 2
1239 0
1240 1
1241 0
1242 0
1243 1
1244 2
1245 3
1246 0
1247 2
1248 0
1249 2
1250 0
1251 1
1252 1
1253 0
1254 2
1255 0
1256 3
1257 1
1258 0
1259 1
1260 3
1261 2
1262 4
1263 0
1264 0
1265 0
1266 0
1267 2
1268 2
1269 2
1270 2
1271 1
1272 0
1273 1
1274 1
1275 2
1276 0
1277 3
1278 1
1279 4
1280 0
1281 0
1282 1
1283 0
1284 0
1285 3
1286 0
1287 0
1288 3
1289 0
1290 3
1291 0
1292 0
1293 1
1294 1
1295 3
1296 0
1297 2
1298 2
1299 1
1300 0
1301 1
1302 3
1303 3
1304 0
1305 0
1306 1
1307 1
1308 0
1309 0
1310 4
1311 1
1312 3
1313 0
1314 0
1315 1
1316 2
1317 4
1318 0
1319 2
1320 4
1321 3
1322 2
1323 3
1324 0
1325 3
1326 4
1327 3
1328 1
1329 4
1330 1
1331 1
1332 2
1333 4
1334 3
1335 0
1336 1
1337 2
1338 2
1339 3
1340 4
1341 2
1342 1
1343 0
1344 1
1345 0
1346 0
1347 3
1348 2
1349 0
1350 2
1351 0
1352 3
1353 0
1354 3
1355 0
1356 0
1357 1
1358 0
1359 3
1360 4
1361 1
1362 3
1363 2
1364 0
1365 2
1366 3
1367 3
1368 2
1369 1
1370 0
1371 4
1372 0
1373 2
1374 1
1375 3
1376 0
1377 2
1378 3
1379 0
1380 0
1381 2
1382 0
1383 2
1384 2
1385 2
1386 4
1387 0
1388 0
1389 2
1390 4
1391 2
1392 1
1393 2
1394 0
1395 2
1396 4
1397 2
1398 3
1399 0
1400 4
1401 3
1402 0
1403 2
1404 2
1405 0
1406 0
1407 0
1408 2
1409 0
1410 0
1411 0
1412 2
1413 0
1414 2
1415 3
1416 2
1417 2
1418 3
1419 0
1420 1
1421 0
1422 4
1423 4
1424 1
1425 1
1426 3
1427 4
1428 3
1429 0
1430 4
1431 3
1432 0
1433 2
1434 0
1435 1
1436 0
1437 2
1438 1
1439 3
1440 0
1441 0
1442 0
1443 2
1444 0
1445 1
1446 0
1447 2
1448 0
1449 1
1450 4
1451 3
1452 1
1453 2
1454 4
1455 0
1456 3
1457 0
1458 3
1459 4
1460 2
1461 3
1462 3
1463 4
1464 1
1465 0
1466 1
1467 0
1468 3
1469 4
1470 4
1471 0
1472 0
1473 2
1474 4
1475 3
1476 0
1477 3
1478 0
1479 0
1480 3
1481 0
1482 4
1483 2
1484 3
1485 0
1486 1
1487 0
1488 3
1489 3
1490 1
1491 2
1492 0
1493 0
1494 1
1495 2
1496 0
1497 2
1498 1
1499 0
1500 2
1501 3
1502 2
1503 4
1504 3
1505 1
1506 4
1507 1
1508 2
1509 0
1510 0
1511 2
1512 0
1513 1
1514 2
1515 0
1516 4
1517 4
1518 4
1519 2
1520 4
1521 2
1522 1
1523 1
1524 3
1525 1
1526 1
1527 1
1528 1
1529 1
1530 0
1531 4
1532 0
1533 4
1534 1
1535 0
1536 0
1537 2
1538 3
1539 2
1540 2
1541 2
1542 3
1543 1
1544 1
1545 4
1546 2
1547 0
1548 3
1549 3
1550 0
1551 4
1552 1
1553 0
1554 1
1555 1
1556 1
1557 1
1558 2
1559 2
1560 0
1561 2
1562 3
1563 3
1564 3
1565 1
1566 0
1567 1
1568 1
1569 2
1570 2
1571 1
1572 3
1573 1
1574 1
1575 3
1576 3
1577 3
1578 0
1579 3
1580 3
1581 0
1582 3
1583 1
1584 4
1585 4
1586 1
1587 3
1588 0
1589 1
1590 0
1591 2
1592 0
1593 0
1594 1
1595 2
1596 4
1597 0
1598 2
1599 1
1600 0
1601 3
1602 1
1603 0
1604 2
1605 0
1606 3
1607 1
1608 4
1609 0
1610 0
1611 0
1612 1
1613 1
1614 1
1615 0
1616 2
1617 4
1618 2
1619 3
1620 3
1621 4
1622 0
1623 2
1624 1
1625 1
1626 3
1627 4
1628 1
1629 4
1630 2
1631 0
1632 1
1633 4
1634 0
1635 3
1636 0
1637 0
1638 0
1639 1
1640 1
1641 1
1642 0
1643 3
1644 2
1645 0
1646 4
1647 2
1648 0
1649 0
1650 2
1651 4
1652 0
1653 0
1654 0
1655 3
1656 3
1657 3
1658 1
1659 0
1660 1
1661 2
1662 2
1663 2
1664 1
1665 4
1666 2
1667 1
1668 3
1669 1
1670 1
1671 0
1672 2
1673 2
1674 3
1675 2
1676 2
1677 4
1678 1
1679 3
1680 2
1681 4
1682 1
1683 4
1684 4
1685 2
1686 1
1687 2
1688 0
1689 1
1690 1
1691 4
1692 3
1693 1
1694 0
1695 0
1696 0
1697 0
1698 1
1699 1
1700 1
1701 1
1702 2
1703 2
1704 1
1705 2
1706 4
1707 2
1708 1
1709 1
1710 1
1711 2
1712 1
1713 4
1714 1
1715 2
1716 1
1717 3
1718 0
1719 3
1720 0
1721 2
1722 3
1723 3
1724 0
1725 3
1726 4
1727 1
1728 2
1729 0
1730 4
1731 2
1732 1
1733 1
1734 1
1735 3
1736 2
1737 4
1738 2
1739 1
1740 1
1741 4
1742 3
1743 0
1744 4
1745 0
1746 2
1747 0
1748 0
1749 1
1750 0
1751 0
1752 1
1753 0
1754 0
1755 4
1756 2
1757 1
1758 2
1759 0
1760 3
1761 2
1762 1
1763 3
1764 1
1765 4
1766 0
1767 2
1768 0
1769 0
1770 4
1771 3
1772 2
1773 2
1774 0
1775 3
1776 0
1777 4
1778 3
1779 2
1780 1
1781 4
1782 3
1783 1
1784 0
1785 2
1786 2
1787 1
1788 1
1789 0
1790 0
1791 1
1792 2
1793 1
1794 2
1795 0
1796 2
1797 3
1798 0
1799 1
1800 4
1801 2
1802 0
1803 1
1804 4
1805 4
1806 1
1807 2
1808 1
1809 3
1810 2
1811 1
1812 3
1813 2
1814 4
1815 1
1816 1
1817 0
1818 3
1819 1
1820 2
1821 3
1822 4
1823 4
1824 3
1825 4
1826 0
1827 0
1828 1
1829 2
1830 0
1831 3
1832 4
1833 4
1834 1
1835 3
1836 2
1837 4
1838 2
1839 3
1840 1
1841 1
1842 3
1843 4
1844 4
1845 1
1846 1
1847 1
1848 0
1849 0
1850 0
1851 2
1852 0
1853 4
1854 2
1855 1
1856 1
1857 1
1858 1
1859 0
1860 3
1861 1
1862 3
1863 3
1864 4
1865 3
1866 0
1867 4
1868 3
1869 1
1870 4
1871 3
1872 3
1873 3
1874 0
1875 3
1876 4
1877 0
1878 3
1879 3
1880 4
1881 2
1882 2
1883 1
1884 2
1885 1
1886 1
1887 3
1888 4
1889 2
1890 2
1891 1
1892 3
1893 1
1894 3
1895 2
1896 4
1897 4
1898 2
1899 4
1900 1
1901 2
1902 0
1903 4
1904 2
1905 1
1906 0
1907 3
1908 3
1909 2
1910 4
1911 0
1912 0
1913 4
1914 0
1915 4
1916 4
1917 2
1918 4
1919 1
1920 4
1921 1
1922 0
1923 2
1924 0
1925 2
1926 1
1927 0
1928 4
1929 4
1930 2
1931 3
1932 4
1933 0
1934 1
1935 1
1936 3
1937 2
1938 4
1939 0
1940 4
1941 3
1942 2
1943 0
1944 0
1945 0
1946 2
1947 4
1948 3
1949 2
1950 1
1951 2
1952 0
1953 1
1954 2
1955 1
1956 0
1957 2
1958 1
1959 2
1960 0
1961 1
1962 2
1963 3
1964 2
1965 2
1966 4
1967 0
1968 1
1969 0
1970 3
1971 0
1972 4
1973 1
1974 0
1975 1
1976 0
1977 1
1978 4
1979 2
1980 0
1981 4
1982 1
1983 3
1984 3
1985 2
1986 2
1987 3
1988 1
1989 2
1990 4
1991 0
1992 1
1993 1
1994 1
1995 1
1996 0
1997 3
1998 2
1999 3
2000 0
2001 4
2002 3
2003 0
2004 1
2005 4
2006 0
2007 1
2008 0
2009 3
2010 1
2011 2
2012 0
2013 1
2014 3
2015 0
2016 0
2017 1
2018 0
2019 1
2020 1
2021 4
2022 1
2023 3
2024 2
2025 3
2026 3
2027 3
2028 0
2029 3
2030 2
2031 2
2032 0
2033 1
2034 0
2035 1
2036 3
2037 4
2038 3
2039 3
2040 2
2041 0
2042 1
2043 4
2044 3
2045 3
2046 2
2047 1
2048 2
2049 0
2050 3
2051 4
2052 2
2053 2
2054 2
2055 3
2056 4
2057 0
2058 3
2059 3
2060 2
2061 4
2062 1
2063 2
2064 0
2065 3
2066 0
2067 0
2068 1
2069 2
2070 1
2071 3
2072 3
2073 3
2074 0
2075 1
2076 1
2077 4
2078 0
2079 0
2080 2
2081 0
2082 4
2083 0
2084 4
2085 3
2086 1
2087 0
2088 3
2089 4
2090 1
2091 2
2092 2
2093 4
2094 4
2095 4
2096 2
2097 2
2098 3
2099 2
2100 2
2101 2
2102 2
2103 1
2104 2
2105 0
2106 1
2107 0
2108 4
2109 1
2110 2
2111 0
2112 1
2113 0
2114 0
2115 2
2116 4
2117 1
2118 0
2119 1
2120 4
2121 2
2122 3
2123 2
2124 3
2125 4
2126 0
2127 3
2128 2
2129 2
2130 4
2131 3
2132 0
2133 4
2134 0
2135 0
2136 1
2137 4
2138 2
2139 4
2140 3
2141 1
2142 3
2143 2
2144 1
2145 4
2146 4
2147 0
2148 4
2149 2
2150 2
2151 3
2152 3
2153 1
2154 4
2155 4
2156 3
2157 3
2158 1
2159 0
2160 4
2161 0
2162 0
2163 4
2164 4
2165 3
2166 1
2167 1
2168 2
2169 2
2170 2
2171 0
2172 4
2173 0
2174 2
2175 1
2176 4
2177 0
2178 1
2179 4
2180 2
2181 2
2182 1
2183 2
2184 2
2185 3
2186 2
2187 3
2188 4
2189 3
2190 1
2191 1
2192 1
2193 3
2194 3
2195 2
2196 1
2197 0
2198 4
2199 1
2200 0
2201 2
2202 4
2203 2
2204 2
2205 3
2206 1
2207 3
2208 2
2209 4
2210 3
2211 4
2212 0
2213 2
2214 0
2215 4
2216 4
2217 0
2218 3
2219 1
2220 0
2221 1
2222 1
