501 756
130 1304
38 428
1379 3292
1841 1987
1516 1714
683 1268
300 405
462 1450
154 1304
410 2731
806 814
214 1091
165 2182
1533 1773
646 2435
1643 2456
190 1245
62 960
1260 1707
479 1982
484 962
256 2161
526 2697
24 1328
272 1218
1226 2172
262 823
279 1166
1540 2869
1361 2962
1374 2397
566 1113
319 569
1638 1935
360 1227
573 1248
1732 3129
1010 2869
1216 2033
1102 2420
486 1749
1513 3016
21 339
1970 1991
2388 3187
633 672
22 1572
556 911
68 331
1911 3116
1409 1973
286 694
1300 1466
503 879
323 712
497 677
1222 1829
1092 1229
1171 1360
702 737
1277 2401
2671 2869
1348 2338
1829 2775
826 1248
968 2774
746 1637
968 2105
146 1222
416 2194
86 1371
906 1508
1608 2300
24 208
956 1613
40 1655
211 2731
314 1417
696 2258
117 995
229 237
1607 3015
1552 2388
134 2865
68 1904
386 486
943 2167
233 1896
329 922
485 574
1129 1231
366 1632
116 1859
60 2083
1957 2386
1087 1932
1470 2119
171 1538
1151 2633
184 683
456 2892
1060 1398
916 1299
355 802
977 1043
32 1230
370 2044
1006 1051
864 2851
1367 1509
1370 1935
1776 1957
1222 1794
199 362
100 1659
1669 3049
49 687
1144 2931
152 2060
1 293
49 1139
1132 2515
134 1406
761 1673
1280 2099
368 1359
498 848
1847 2630
1064 3211
1773 1896
91 655
1329 2791
214 1040
1282 2111
2136 3273
752 2428
519 1421
222 629
208 390
543 556
45 1832
246 847
138 1039
77 156
1782 2456
881 1729
348 3006
1052 1968
1758 2050
1295 2319
653 2581
725 1434
140 1189
115 2151
1996 2168
550 1906
987 2294
188 371
887 1795
73 1177
530 2094
1220 1634
617 634
298 2050
1152 1424
367 989
441 2055
444 1913
160 1092
251 1077
1711 1949
729 1028
255 1124
943 2047
233 1527
155 1066
1353 1798
2072 2171
2053 2158
1737 1900
153 2010
248 1960
2092 2865
1032 2006
683 2051
489 2970
538 742
2409 3304
310 3007
3245 3263
1136 2732
7 1721
265 344
791 1772
750 1631
1663 2775
340 726
1259 1849
1333 1825
475 979
1938 2072
443 2526
580 2529
821 1436
99 2706
201 1377
866 3094
718 1437
915 2006
668 2407
1154 1439
2035 2167
359 2587
315 1579
24 742
1020 1224
1003 1201
783 1605
152 187
647 2679
545 1739
117 828
58 1534
286 1349
54 1144
1574 2076
601 1180
78 2119
574 1753
341 2456
1310 1368
1934 1944
964 1248
30 2995
359 1965
1504 1527
680 3131
739 1326
433 1619
31 297
794 1797
2011 3121
43 875
468 2203
1371 2640
392 725
23 169
355 547
765 1146
584 1680
35 1742
1230 2529
218 1646
791 3235
418 925
2575 3042
1317 2051
168 297
934 2058
340 1686
197 1365
135 178
191 690
236 1211
1108 1285
740 2136
405 471
358 3049
38 1926
1996 2375
323 1315
1456 2487
200 1950
366 518
1934 2033
856 1714
527 3112
1009 1669
310 1047
815 3005
840 2481
1337 1501
8 1221
900 1515
2671 2708
1727 2168
687 1321
482 537
898 1980
155 753
1527 1696
1372 1538
532 1413
138 362
811 864
715 1088
580 1435
1219 1367
360 381
107 1582
1538 3154
543 2779
1194 1323
644 758
1561 2215
188 2739
870 1494
1152 2386
1702 3269
414 2345
119 2865
483 841
1219 1970
268 1337
183 1228
260 764
1323 2123
435 690
1368 1696
794 1244
1288 2174
971 1000
180 750
664 1740
438 625
19 1588
1244 2203
1604 1901
1148 2261
977 1931
375 1682
1287 1534
1170 1175
426 874
429 1686
119 1014
127 1609
1096 2053
2633 3022
725 2732
952 2142
731 2166
1072 1178
2162 2970
1475 2380
232 1359
1027 1931
2 1433
499 1482
1752 3259
1333 2698
1354 2364
504 590
2182 2409
1737 1960
1350 1950
26 1516
16 1705
867 1551
368 3268
587 2261
1441 1706
172 2630
2025 2593
530 2834
956 1706
1640 2986
1108 1370
134 706
757 903
788 1925
809 2113
737 954
1867 2203
1423 2094
46 159
825 1286
205 1040
510 656
634 1766
340 2766
511 834
481 809
1379 2035
1951 2065
247 938
416 1538
1825 3141
865 1264
105 3160
694 2481
1310 2060
679 1081
2085 2106
1554 2729
424 1213
312 1110
794 1513
1907 3160
1069 1658
1304 2052
2082 3041
10 168
50 246
55 2580
756 864
854 1957
432 2792
1397 1538
821 1016
503 2042
361 2687
192 2151
595 859
1276 1499
1427 1633
209 1625
1094 2827
260 2984
2584 2669
991 2487
66 583
26 881
1300 2105
25 1151
758 2237
2110 2571
1303 2059
590 1945
190 932
1475 1987
209 1266
2361 2423
490 2491
210 2648
463 1248
1065 1196
1810 2865
40 2455
1912 2869
145 557
700 1069
220 732
739 786
485 1175
519 2005
154 871
109 1681
431 1339
312 797
679 2341
249 2533
1315 2243
210 304
689 1418
966 3108
858 2775
507 604
540 1742
472 1735
814 1627
2856 3208
675 1244
788 1187
2062 2488
95 2260
84 1476
297 1018
783 3297
1635 2677
601 982
638 2058
674 2057
2397 2409
664 1208
1871 2950
1124 2864
744 942
680 1982
1150 2553
157 880
713 2052
614 2706
208 857
1071 2462
1239 1917
1906 2000
1824 2577
352 1367
352 1740
331 955
498 900
2442 3187
505 1110
1319 1323
958 2464
503 784
162 1456
881 1659
1079 1112
215 762
64 1812
974 1676
827 2655
652 2059
1145 2464
134 1215
2243 2984
82 1978
1241 1741
1520 2461
378 2560
304 2571
2058 2243
499 2625
313 922
1393 1930
341 1491
1 3208
310 1254
2529 2671
1471 2361
184 1001
1551 1772
276 2112
126 624
1482 3297
368 906
19 1609
1331 1714
1263 1662
387 530
577 1874
395 1354
1797 2085
169 1013
413 1374
266 2721
347 696
105 817
2032 2587
2035 2171
135 2171
485 600
510 1171
1453 1658
212 2869
247 1637
1361 2111
624 873
1263 1296
1135 2678
461 885
1285 1391
73 420
484 1300
648 2290
1155 2448
8 237
2003 2122
455 2081
1956 3079
976 2065
717 2881
210 496
2455 3186
1180 1633
918 1292
1410 2995
605 1629
367 1243
1198 2151
1579 2372
148 1899
1530 1729
1605 2483
117 312
541 1567
1120 1934
1871 3010
916 1495
1148 2857
79 1569
1276 2828
419 999
15 517
664 2828
656 1537
376 1882
864 2146
826 1704
1020 2095
213 1926
547 2592
1250 2341
223 1264
854 1931
185 1851
223 2002
982 1922
747 945
389 634
374 2049
1366 1499
864 901
651 774
1476 2731
20 789
391 3275
1716 2130
1216 2725
590 2400
1155 2172
484 2985
493 1027
1044 1199
1283 1669
1844 2729
365 3122
1118 2113
748 1255
526 2639
738 1341
497 652
518 805
563 1061
158 1904
1744 3022
731 2260
282 1063
62 2531
415 2243
1328 2447
57 2439
1317 3245
695 709
1434 1546
316 400
635 834
610 990
1746 2532
241 681
1248 1746
727 856
1407 1885
600 946
180 1960
1213 2421
497 1227
33 308
961 3167
858 2687
290 1002
680 1402
867 3210
49 1493
1028 1397
670 1961
52 191
1922 2079
834 1141
541 706
429 1608
729 1601
637 871
978 1304
82 87
556 2766
24 1450
1923 3049
10 263
1899 2035
597 2515
449 521
1716 1975
1551 1555
208 493
174 1371
1440 2283
443 2169
46 1225
472 842
627 707
575 1943
167 1440
550 2796
1880 2034
608 1939
1375 2100
123 1428
780 1927
2395 2593
696 1490
266 1206
472 496
5 1480
1879 2123
800 2082
650 2874
807 865
950 1615
994 1394
66 435
1158 2703
1623 2687
721 2137
996 1991
575 1489
420 1228
1775 1998
391 1717
1001 1599
1044 1774
324 2722
855 1175
570 2348
568 666
812 1881
1789 2633
1644 1965
1233 1739
127 813
382 1181
104 970
203 667
564 2699
1013 2382
230 1788
23 2693
1061 1302
1793 1917
40 863
373 2589
86 949
606 826
209 1628
88 1169
669 2464
1584 3112
765 1082
171 2082
288 411
194 1479
569 1661
1361 3154
1027 1308
354 1294
240 329
143 3123
241 779
336 1096
1131 2698
839 2745
8 1650
549 2670
294 3086
452 536
485 2123
432 2398
935 979
232 535
295 1443
427 1874
1199 2025
353 833
137 1258
1013 1490
781 2698
533 2267
101 977
1290 1350
1608 1934
515 3218
72 3297
1918 3021
463 1435
1464 1931
37 165
710 1418
106 3229
477 603
182 968
770 1366
29 1679
1180 1537
902 1150
958 1903
533 754
406 566
110 1089
258 308
507 854
300 1219
42 2401
610 776
753 2129
854 1321
469 1872
256 1721
1273 3009
1975 2388
181 818
171 1127
357 2200
414 1643
1294 1504
1407 2704
953 2149
222 1092
807 888
816 1969
65 357
462 684
1676 1790
490 1774
1592 1750
238 285
146 1150
759 2317
635 1891
1120 1992
519 1803
1918 1967
1309 2593
559 3016
875 1264
1173 2666
1194 1268
63 1182
22 1392
2745 3022
214 1101
474 2294
413 1395
165 2277
178 450
2054 3108
501 1204
194 551
685 2977
35 455
183 1358
610 811
212 873
76 2579
956 2697
87 2648
276 2136
1682 1758
1896 2962
499 543
1762 2642
596 1407
353 1094
1047 1853
1913 1917
481 836
1180 1844
2488 3080
288 771
971 3294
576 1385
369 2222
236 1425
445 1775
1159 2593
740 1358
451 2988
710 2857
2012 2084
167 362
2752 3175
136 3045
191 667
718 893
284 1022
356 2465
619 2851
1363 2182
1887 1907
787 1992
14 860
452 1582
1084 2600
136 398
1160 1614
847 1345
367 2729
7 770
509 898
774 2100
450 974
82 1759
1254 1754
1424 3029
729 934
427 2383
360 1737
1199 1951
121 2586
837 1445
109 592
863 2037
157 197
1512 1850
778 966
252 269
919 1333
716 1302
103 1041
1911 2258
109 1251
58 1985
241 1552
256 1931
377 2162
787 1656
602 1859
11 1879
495 653
609 2986
1141 1182
556 922
574 930
701 1776
930 3154
26 1573
424 2532
20 1699
48 1911
1288 1735
47 1949
1094 1735
62 557
1329 1978
463 1759
515 1456
389 1319
821 2258
1696 2857
994 1254
277 317
80 3009
205 2532
17 830
235 1763
730 2864
648 1179
1121 2430
291 1678
219 3081
376 1507
1098 1633
100 619
739 2111
512 1361
407 962
960 3105
213 1068
286 344
494 1236
386 1998
690 2329
261 432
844 2647
1601 2222
2962 3123
421 579
290 1054
142 1527
1092 1101
500 1819
141 490
818 1258
469 1684
786 3170
90 867
1139 1493
38 1395
1718 2526
59 546
1138 2729
2037 2792
970 1006
855 870
355 2779
783 2624
344 403
247 2124
634 974
1103 1178
1277 1715
1552 1795
479 514
426 866
90 1001
1041 1840
223 519
281 2134
1292 1397
1806 2173
280 836
220 1934
669 2104
485 1726
1414 1978
2134 2553
1104 3236
1639 2464
567 930
641 1218
213 2013
1663 2283
630 925
630 747
58 1344
1739 2094
371 1840
1918 2276
490 1853
770 3026
788 2237
24 522
240 1663
717 1590
76 651
1019 1199
42 927
2984 3042
22 1061
880 1488
1903 1967
391 858
1526 2423
101 439
385 511
468 1151
590 1074
61 247
1668 2260
739 1579
366 2082
768 1670
310 1633
790 1534
1363 1508
2161 2464
947 1158
883 2158
632 1725
1418 1584
145 1728
28 348
684 780
1850 3015
988 1177
709 1652
1337 1867
766 1465
2669 2852
872 2243
180 929
1171 2001
185 710
726 1850
73 2011
1350 2462
361 1321
2291 3005
1131 2687
522 1301
29 1066
46 186
870 3253
3042 3116
518 3297
696 1291
469 3175
637 2106
911 1461
856 1717
1457 2135
883 1424
817 934
1527 1753
510 2910
512 2633
45 620
109 1309
6 326
996 1459
292 2052
2254 2811
28 195
166 876
298 1538
2084 2472
470 3157
728 2060
417 1584
624 841
1574 1703
1249 2081
623 2186
802 1711
344 713
281 1885
218 1298
382 1000
1319 1930
220 370
1229 2792
476 879
1121 1554
540 810
433 1669
371 2074
1043 1660
449 2407
1181 1481
496 1997
95 166
432 2438
163 3170
674 1632
109 2703
717 1494
503 3185
416 419
1092 1959
722 2123
90 1361
1414 2430
391 1353
785 1302
1515 2852
412 1465
801 1609
1106 1248
1139 1711
622 1881
43 1979
179 2234
462 3163
320 523
583 1116
717 1110
280 385
690 1108
87 88
168 1704
758 789
718 2294
936 2166
131 1337
274 1094
2095 2361
5 1108
669 1920
135 1506
1363 2382
763 1359
182 3206
759 1051
516 785
493 749
734 1889
256 695
1980 3267
167 252
823 2300
1744 1925
1121 1719
1454 1821
48 743
1696 3294
616 2784
550 791
865 1310
1629 2059
1051 1119
336 1943
322 1257
422 1639
65 718
1555 2019
360 1001
1043 1087
1546 2126
676 2290
481 2639
1148 3026
510 572
1011 3042
351 3235
336 1573
2 2083
1391 1459
613 1089
370 632
717 2491
299 1249
1868 3184
501 1381
734 2042
427 1623
62 3170
997 1124
345 1247
1206 1368
800 2237
2481 2977
308 427
317 1777
899 1088
90 464
53 2481
1639 1859
2722 2725
649 759
1011 1506
269 1117
150 247
502 1459
85 678
501 747
96 2028
1337 1656
1257 1310
91 3094
2034 3029
502 1032
848 2011
482 751
381 644
258 3267
1296 1393
63 823
530 1462
77 934
1204 1960
1245 1743
1101 1357
36 1872
947 3086
201 1682
762 1859
432 1387
1005 2722
12 1428
170 2375
589 1395
360 809
219 614
1098 1623
581 1250
960 1359
953 1215
154 433
733 926
493 1689
520 1932
1242 2277
1003 1058
1077 2703
1376 1991
1569 2577
173 1631
1608 1991
1405 2057
1632 1729
969 1776
641 2362
496 922
2047 2222
425 855
737 1309
433 814
37 80
1087 1237
94 750
274 589
656 679
783 1092
324 1248
114 1872
603 2409
695 2341
2625 3184
900 1753
1038 3125
57 1452
153 1408
1543 2647
800 2697
2 1840
440 1900
970 1745
626 947
767 1175
211 507
586 1926
1227 2988
159 1081
53 444
781 2423
949 1563
506 1091
719 2983
42 1604
349 2435
1652 1957
293 2062
1538 2107
829 969
952 2827
364 3254
985 2052
1662 2106
1537 3122
211 2126
155 433
829 3006
573 1365
135 579
788 1335
906 917
428 1782
42 956
1338 1582
304 3268
84 2708
1158 2731
1040 2078
194 1946
2130 2560
130 1551
548 3005
71 379
167 190
487 1663
247 800
327 1159
731 2722
27 1096
1141 2971
835 2740
1613 2534
571 759
228 1315
186 936
675 1931
469 2925
1453 2014
826 1544
1222 2284
2050 2771
793 1977
1239 2531
1985 3124
969 1237
175 290
85 1522
45 1333
888 2049
1170 1354
706 1257
346 2874
1236 2243
813 2704
553 1647
629 1500
847 3009
446 831
909 1567
1708 2846
1113 2059
193 2276
700 2343
1461 1507
259 1917
1229 2633
82 499
1609 2394
156 2658
659 1249
18 528
505 1981
726 1107
1459 3297
153 1112
1840 2479
377 1366
102 1325
224 1977
679 2442
211 2575
1255 1669
310 2172
368 1867
583 922
365 1533
1217 1903
960 1271
564 1754
715 2483
920 1922
648 1944
1277 1578
993 2529
2002 2047
2182 2981
186 2866
570 2725
178 1589
166 395
651 1338
263 1982
789 3118
1534 1738
2126 2658
606 1158
594 1397
99 2056
2007 2589
234 1180
406 1847
1090 1309
159 1927
1255 1758
270 3116
169 284
380 749
26 1634
622 899
228 722
767 2791
481 1745
484 1086
1354 1544
627 3121
1864 2846
312 448
805 984
409 1148
913 3245
800 916
390 2864
228 2560
1455 1879
1140 3086
1126 2079
1322 1426
119 2721
1397 2094
625 1420
1093 2586
858 928
2447 2971
553 677
435 979
84 2575
249 1435
1733 1795
1632 2745
419 2004
2321 2491
445 546
1150 2395
730 1082
2740 2766
262 805
155 1176
1538 1647
556 2175
602 2111
43 391
366 1501
364 768
873 3269
490 950
282 2382
559 919
1022 2132
1844 2698
954 1873
367 726
24 259
687 1048
1358 1875
545 810
1328 1961
1961 2059
1561 2254
1091 1354
787 811
196 837
1550 2712
326 1601
2107 3304
34 1134
165 2142
1765 2146
565 1532
985 3297
1821 2388
64 1998
1345 1934
65 493
1737 2593
381 1798
204 649
250 2222
415 1729
222 640
387 2004
1968 2647
621 3210
152 930
431 631
792 1249
1802 2167
526 1633
473 1629
170 432
402 1365
1861 2624
1479 1949
667 1820
70 2397
1159 2348
360 2495
702 2112
12 171
215 838
6 95
445 648
808 2152
417 1327
929 1068
822 1426
939 2260
2186 3210
37 1289
462 977
198 3159
178 2840
71 368
1235 2014
400 1433
864 2112
273 783
444 723
5 441
2712 2795
2079 2115
705 870
1072 1861
481 1774
418 2743
130 3094
657 1990
68 666
369 1716
400 867
107 1113
247 962
690 2077
646 1080
880 1207
1545 2261
1295 2348
827 2348
702 1849
1354 1371
236 1953
863 1405
1062 2584
208 561
1121 2532
859 1919
101 135
1884 2980
1735 2419
1997 2001
307 827
489 1317
695 1651
1233 2095
597 1348
513 1388
1615 1729
1865 2551
331 1301
820 2149
349 2078
336 1233
178 1527
687 1454
158 1567
700 956
1875 1952
831 1149
181 495
1310 2386
547 1778
1103 2586
1979 2791
241 1273
169 669
145 596
1112 1516
1629 2697
1639 1798
555 3188
875 3235
203 1071
1470 2593
1046 1879
6 2222
749 1713
602 632
390 501
278 402
1199 1273
1990 2514
175 2857
1052 1440
1669 2768
1441 1718
649 1342
41 1198
1278 1532
236 1598
70 411
2036 3245
1188 1604
901 1198
2058 3156
727 774
469 756
530 1522
1481 2172
920 1402
373 647
818 1739
424 1254
362 887
2002 2987
368 1294
1507 2697
2175 2697
1975 2666
63 588
394 1004
290 1413
954 1680
265 621
121 257
283 3253
1188 3209
105 1922
32 387
2055 2533
980 1744
167 537
771 3237
953 1997
286 1001
378 2577
2572 2814
913 1639
657 1707
2129 2420
360 2007
243 1682
374 1008
933 2100
9 1959
538 2152
636 2910
356 1374
214 2085
164 1146
422 1864
1907 3081
241 509
514 994
1041 3041
100 2340
405 1938
1432 2049
578 2082
240 831
646 2142
513 1696
1715 2983
1139 2162
705 1555
1282 2670
163 1978
1117 1196
330 901
796 1660
187 1744
550 602
666 1531
1344 2176
2766 2859
295 1213
1098 1386
289 2828
594 1289
327 664
920 1923
1361 1387
776 2329
1295 1600
1583 2383
285 530
127 760
608 1322
1294 1920
499 1640
1941 2421
689 2844
861 943
520 2174
238 2983
349 2647
191 2149
40 1995
858 1069
528 2532
199 1103
847 2172
816 1823
1798 1896
48 1873
1443 3229
81 1294
679 1527
581 1951
1131 1371
2078 2125
353 1015
2097 2105
161 2647
624 2026
587 2067
133 672
77 2641
538 760
502 3156
157 3125
1676 1918
1398 3154
594 2640
104 590
368 875
2006 2319
1296 1578
539 1363
246 1230
1770 2317
1585 1765
643 1453
359 1805
960 1255
833 1578
9 2365
1306 1668
275 916
1270 1752
1551 1969
369 1213
1457 2642
643 1392
912 1232
1116 1604
968 2397
2049 3304
582 2859
127 605
35 512
19 559
104 893
893 1126
971 1088
1210 1941
583 684
1847 2910
531 1686
72 587
1750 3192
799 860
2495 2678
1890 2704
190 2065
62 274
2076 3273
113 1865
88 1550
889 1953
1177 1204
1788 2846
716 2055
683 981
465 877
259 287
45 1276
1661 1973
46 1999
2037 2560
2056 3080
429 1696
751 1402
711 1230
1216 1744
742 1450
1422 3259
296 495
34 2633
461 1219
199 1987
208 1861
1062 1490
5 369
221 523
189 1885
483 2995
1656 2533
2115 2447
1581 2677
1032 1317
295 449
159 2722
924 2856
853 2791
320 1943
819 916
849 2343
1506 2679
164 2034
2129 3104
1852 1885
394 3116
103 1405
180 828
1237 2851
213 2800
1520 2483
404 2361
1304 1957
629 1699
27 1312
239 994
1042 1806
1689 2495
181 2194
506 2203
291 766
995 1211
938 2465
2277 2532
942 1259
858 1198
1349 2215
1825 2771
600 688
455 1091
54 267
317 2049
816 2827
1016 1186
400 2276
1357 2581
61 126
338 2866
2001 2409
1668 2395
1145 1491
1342 1388
231 2123
152 291
1148 1274
1268 1365
1743 2119
49 2104
1924 2123
581 1398
1884 2055
771 1370
822 2203
39 865
984 1271
813 3292
50 1832
151 540
909 1888
132 1978
1341 2172
552 789
733 840
83 2729
252 425
143 1391
1981 2176
1337 1684
161 907
1187 1722
4 179
825 1965
320 2067
64 1019
507 887
1027 1386
1110 1325
186 2135
205 2827
1041 3192
201 287
924 1901
230 1018
982 1171
342 1885
601 1656
1053 2211
1245 2329
309 421
1404 2081
954 1903
1388 2529
993 1092
993 2650
264 880
1732 2167
1102 1774
847 1663
362 809
1912 1970
436 2671
11 1179
1129 2920
68 927
617 863
23 714
109 3080
831 2642
63 976
734 1895
393 3081
60 474
916 1313
1377 2081
1903 2112
2006 2149
1098 1632
1227 2136
1854 2093
618 1898
948 1608
61 868
17 2094
1451 1679
1590 2625
1164 2895
328 1766
341 1206
530 2034
1063 1982
608 1920
382 1951
1296 1601
1661 2408
301 3010
494 1931
1580 2161
1161 1872
468 2895
915 3185
453 758
124 659
1129 2261
440 1828
812 1610
212 1745
40 347
790 2172
31 1014
997 1325
569 979
747 797
711 1858
1229 2094
246 2813
2074 3105
633 1679
2768 3121
572 2698
1930 2981
374 2402
333 1066
1140 2639
501 1810
1366 1865
39 493
426 2895
994 2132
76 734
203 1093
545 2060
149 405
913 1810
41 237
253 1103
728 755
642 794
68 3116
42 2131
946 1864
1582 2650
430 655
2 1445
423 1273
1443 1589
900 1173
95 141
1271 1881
1130 1185
1619 2800
81 401
1063 1083
460 1465
680 3116
1221 1385
1201 1539
537 2009
715 806
1719 3166
443 1112
795 1290
11 1001
1077 1727
428 2687
917 3287
1151 1216
940 1752
333 388
1069 2928
592 2514
162 1192
322 3269
54 138
951 1703
17 108
77 277
1803 2925
1935 3022
1854 2572
137 1298
336 1377
2076 2641
1960 2284
535 801
2077 3026
317 2380
591 2708
670 1089
299 2283
2173 3022
849 1185
676 1526
1745 3237
696 1877
562 798
2768 3045
1123 1333
518 1058
451 995
537 741
475 2706
912 1519
875 3080
1750 3026
673 1490
153 725
6 479
1047 1935
1969 2488
1211 2217
692 993
194 353
692 820
1198 1367
989 2044
1393 1588
787 1620
454 3129
721 1331
700 1190
1083 2388
1140 2712
767 814
409 2869
1573 2861
1312 2754
1133 1941
607 2408
150 2038
755 1829
235 1192
34 1064
1591 1985
310 2697
1298 1404
126 406
160 1405
2186 3105
1649 2055
1598 1762
412 1124
694 1393
831 1071
1353 1372
58 1874
1315 1588
911 2585
1665 1887
1370 3022
1512 1828
795 1569
305 913
767 877
135 2081
513 595
782 828
55 1735
1283 1480
410 817
421 538
215 1884
575 1546
2472 2766
913 1534
94 1290
940 2987
251 430
454 2184
988 1278
366 733
317 1387
826 2134
325 622
280 1365
1479 2416
2375 2481
24 1425
1038 1504
41 388
485 2796
320 1774
853 1199
1192 1553
2865 2931
457 617
1807 3302
561 2840
2060 2077
441 2981
353 1239
210 1434
367 754
578 739
550 1608
552 1252
550 732
12 831
2054 2546
579 724
81 935
509 1013
1647 2784
880 2987
369 987
1268 1825
29 724
511 1031
43 1420
66 309
27 1479
686 2560
1766 2171
179 629
1051 1215
384 1377
495 2856
46 1309
154 558
2416 3163
952 2553
138 187
1433 1496
512 580
1591 2105
9 680
238 746
751 3108
954 1506
300 438
452 835
1741 2928
164 407
775 2693
553 1191
620 740
553 744
235 560
1195 2071
218 534
902 921
705 1303
311 1944
637 3269
171 734
1614 2194
189 1691
1906 1987
2740 3209
285 719
505 1766
1458 2319
1997 2813
633 831
1488 2134
48 1767
1104 1144
1753 2293
588 2338
310 940
771 1240
180 1312
374 1052
1408 2800
326 1065
1534 3302
351 2125
2078 2892
1313 1545
1580 2005
1189 2448
1207 1859
1488 1812
255 1371
677 1299
144 304
664 2587
487 2731
698 941
189 1244
588 3112
1072 2774
1059 2234
62 1943
629 842
1421 1960
592 1662
374 1580
162 338
33 1300
109 1927
941 3043
705 1112
308 1618
1062 1182
111 971
1424 1563
720 3145
643 2082
645 1520
743 955
262 1891
1413 2035
857 2006
1112 1296
342 1367
1781 3292
1935 2059
440 1264
396 714
462 2111
145 1176
1081 2291
340 1572
93 710
1525 1639
156 1192
1337 2037
691 1268
450 1059
195 1011
247 3186
2194 2534
1331 1385
866 1636
580 1020
1651 1846
539 3079
760 1588
1392 1567
245 1287
26 355
401 1660
759 969
552 3118
156 780
165 609
720 3268
251 823
1480 3211
694 1236
2122 2461
1304 3122
1752 3294
1080 1123
907 2329
57 954
121 2814
79 147
755 2472
1782 1856
83 482
940 1923
2464 3045
238 1228
161 2465
509 686
391 2004
735 1258
1083 2166
86 2443
88 1737
308 1969
1762 2048
1952 2279
1302 2530
1773 3192
356 921
1133 1329
604 2419
253 1079
1294 2746
452 989
473 1772
987 1381
763 1604
2572 2857
748 1445
220 1987
1897 1922
267 1298
1646 3014
1198 1276
960 2211
925 2261
1245 3118
1437 1851
1721 2515
1161 1767
287 401
2123 2584
453 902
493 705
272 736
1228 2526
2112 3185
180 502
1047 1315
1620 2402
499 2081
1424 1604
710 739
875 3306
305 1737
1973 2169
940 981
662 1278
448 1113
153 2141
263 2673
556 1924
927 1243
246 1113
1152 1900
1142 1591
755 1258
1249 1699
505 3163
109 1107
333 560
59 2048
594 2841
383 1629
489 2038
1210 2394
180 387
90 2430
1588 2383
1350 2002
64 2981
345 606
1504 1849
961 1052
747 1912
334 1283
290 1900
106 342
924 1899
355 968
1159 1957
1526 2420
115 380
949 2208
1069 1096
1221 1931
530 1970
1797 3254
1774 2234
1881 1911
106 2158
275 2594
1006 1990
960 1828
339 2149
610 906
48 1807
1610 2394
1008 1489
1058 1686
66 705
991 2019
728 1501
89 642
299 2010
557 1864
327 1946
270 533
1451 3145
1367 2211
738 3163
225 1824
1699 2013
1195 1961
313 732
949 2049
1236 2423
769 1550
131 1752
49 584
163 272
453 720
1051 1488
40 1777
1420 2652
1155 2234
72 2402
742 1662
692 2540
409 1048
342 3256
337 2928
1553 2158
108 189
631 1479
1700 1912
1250 2579
352 1853
1490 2407
596 1810
680 2116
838 2597
43 2439
1283 3236
810 2457
243 1457
40 86
245 264
1028 3116
496 3245
1605 2028
58 866
251 670
1062 2025
337 1002
819 1003
1987 2581
486 807
1257 2383
137 1334
1135 1736
1115 1420
1506 1588
888 1874
236 632
550 903
49 1280
371 633
437 675
63 3015
608 1249
465 1727
172 711
1567 1789
1514 1590
497 1491
517 3044
310 513
22 1610
116 528
2419 2481
820 2729
841 942
730 1859
558 1414
260 1573
39 727
1628 1832
1819 2743
348 1442
23 1661
860 1197
453 717
640 2417
1713 3005
1092 1573
357 1266
818 2149
841 2395
875 2110
116 543
315 820
86 254
751 1412
3131 3185
1441 2987
1717 2421
318 1164
1587 2752
128 1865
700 3163
731 3009
2133 2407
842 953
53 1894
758 2722
2126 2791
871 1433
460 1797
449 1454
1924 2532
705 949
330 2120
965 1088
199 961
326 665
1990 3209
694 2073
631 2056
229 885
1413 2130
767 1922
277 1089
481 2526
1268 2124
1005 2176
497 1852
493 1995
141 2533
507 1287
1481 2194
139 1069
2104 2754
526 3206
1009 1164
280 885
1040 1187
2175 2260
10 1333
1489 1938
422 2487
164 2329
744 1941
1359 1506
2869 3235
1158 2294
389 1599
317 2352
18 1199
980 1349
444 970
2984 3132
1173 1600
256 498
535 2924
127 2600
764 1674
250 2693
744 1115
759 1532
110 1530
144 764
182 872
215 1354
24 2132
82 1171
119 2647
420 1552
2094 3245
305 1134
1074 1884
590 1246
71 382
143 1131
635 1832
1135 1455
702 1232
698 918
1585 1746
1864 2813
1942 1990
736 1103
98 917
223 536
402 421
744 975
172 1683
1495 1922
794 1006
40 810
665 1256
276 2630
563 2600
263 563
754 1619
1661 2105
994 1185
2100 2633
551 1191
685 1815
1935 2166
77 491
2032 2673
413 1257
732 840
414 693
158 2864
489 857
1007 1880
457 2093
1946 2162
46 629
755 1152
263 1742
2098 2791
9 2642
1970 2383
114 266
2372 2397
2186 2722
493 1342
1476 2124
159 633
562 1005
1414 1494
665 1894
791 1398
258 560
113 1166
368 693
270 2073
516 985
1532 2361
581 1139
687 729
291 893
1158 1186
855 2341
174 3302
485 1451
385 759
1442 1691
1257 1727
2071 3160
218 960
378 2158
678 1952
1294 2457
1129 1913
464 819
396 689
990 2098
1480 1629
571 1658
598 1922
1649 3229
446 1414
239 1175
580 1059
153 1271
295 383
747 2828
589 1522
1331 1446
752 1569
947 3211
344 2984
936 1966
207 945
351 1208
533 872
492 1221
1020 1781
699 1712
268 1304
59 711
356 1807
164 976
335 2828
1032 3081
195 2300
70 1638
1074 1722
717 1258
947 1931
993 1853
1164 1921
3013 3188
279 1935
1103 1323
196 778
1417 2182
741 2092
956 1745
688 1199
209 932
323 400
1215 2003
1052 1393
2394 3211
985 2586
605 873
804 2423
108 1658
632 1669
1999 2277
1509 2986
822 1107
645 1139
1317 2025
721 1322
1628 2176
1798 1860
883 2173
601 2124
805 2800
517 1901
1582 1803
1140 2732
603 2416
1250 1847
260 2987
813 2928
528 3302
1414 1531
214 745
213 295
162 1374
338 970
949 1841
696 721
757 917
1161 2124
1295 2984
380 1822
537 1561
2995 3166
27 949
1398 2078
453 1417
27 2931
703 2495
1299 1924
1868 1992
68 794
1102 1552
851 1895
1493 2261
409 1710
823 2641
470 2364
425 1482
355 2986
205 222
269 1181
357 441
1812 2372
349 929
344 1574
801 2866
510 531
258 1545
47 611
72 362
48 718
1739 3268
243 1442
490 498
1689 1712
1063 1273
1044 1277
173 1880
191 1099
244 1020
37 1393
182 622
131 163
70 2001
2073 2625
168 819
783 2036
1870 2151
154 1673
703 820
131 2852
145 3253
940 1525
528 2768
1133 1265
1131 2950
254 609
1177 1638
153 759
1102 2025
652 1703
62 1013
718 1211
652 2116
710 816
453 2003
481 725
1417 2571
256 2208
470 2515
461 970
1309 2258
1411 2673
1 257
687 1805
308 2010
278 1243
801 1308
236 1044
1476 2462
709 2752
610 1634
691 1345
65 1512
117 457
640 1116
233 2443
1795 2928
1088 1359
935 1339
1919 2791
147 1628
1185 1691
1673 2215
964 1608
2481 3160
1710 1982
1604 1951
1765 2047
747 1150
1638 3016
52 1821
514 1682
771 2703
2173 3123
1652 1699
231 449
251 3041
303 450
1658 2731
212 407
596 1462
1086 1990
159 1966
1126 1235
582 1365
853 1744
388 920
40 2461
541 1950
1982 2171
266 1455
1082 2130
800 865
110 493
239 1656
573 885
864 1579
1730 2704
503 517
767 1344
17 1699
1200 1639
356 627
210 1644
454 774
686 2033
116 1175
585 1771
1204 1620
803 1496
1381 1545
455 1716
1917 3297
872 2792
1522 3122
644 2407
1102 2098
2113 2752
300 804
2058 3263
73 3015
264 1088
57 793
707 3157
464 817
460 1727
803 1064
9 1660
513 1443
1907 2149
1815 2343
876 1131
853 861
700 1425
58 1968
281 1758
906 2006
66 423
281 1930
411 531
1405 2194
893 1967
1691 1978
1659 1763
1173 1241
1907 3131
811 1849
239 313
855 2173
1740 1782
670 1918
1817 2036
144 3105
1179 2014
66 1507
623 681
600 1392
152 2533
88 414
283 2668
1149 2579
1509 2514
59 2208
486 2397
962 2841
289 1266
1232 1619
64 104
117 780
539 1733
912 913
1519 1588
1093 1249
898 1258
269 1895
426 1414
810 846
560 984
306 1561
1534 2435
704 1204
1170 1681
903 2768
253 904
133 3007
492 1959
1598 2375
1142 2962
892 1538
523 635
592 663
20 711
173 2633
704 3253
364 2146
347 930
1282 1599
644 2515
280 556
217 362
236 2419
577 1182
883 1470
1776 2025
1059 2051
178 1832
724 2365
636 1127
839 1182
508 1366
1363 3187
327 1450
86 2394
1254 1404
1590 1906
985 1352
642 1128
489 1295
1335 1432
315 1372
153 2140
28 445
177 1128
293 3160
1457 3081
579 1825
815 1459
865 1285
594 1861
347 1066
150 2175
1339 2129
1823 2319
31 577
771 936
924 1260
388 1649
149 492
705 1879
1987 2641
1981 2687
591 1395
182 323
301 2430
429 641
1423 2096
276 686
364 1204
442 1166
1374 1567
722 1359
1233 2996
1093 2575
1121 1573
535 1287
272 3206
201 219
36 3268
842 1217
214 310
318 2795
1458 1652
1355 3043
541 2668
334 2152
690 779
1119 1659
240 1081
119 1028
1432 2060
2096 2168
291 328
49 182
373 2791
1353 1958
158 2851
1865 1987
413 2160
535 3294
395 650
584 1345
62 688
1349 1661
2032 2208
1145 1204
943 2175
126 1858
693 2194
266 3253
225 1171
1599 2400
42 711
246 722
1569 1975
1326 2624
976 1879
2098 2844
1011 2057
670 1188
904 1207
309 357
716 1201
76 3167
210 548
958 1711
855 1572
38 721
1494 1540
936 2362
762 2487
377 1752
885 1028
516 1540
1734 1931
1530 2800
531 986
738 1101
462 803
1286 1319
133 1889
1141 2996
1076 1923
55 339
997 1462
80 1931
1007 1543
298 2166
156 1445
158 1967
443 636
1646 2112
244 786
387 1618
1155 1466
283 763
754 1164
846 1810
1282 2983
1932 3268
1241 2465
979 1843
197 2112
1201 1397
381 744
40 951
912 1495
651 810
780 1126
123 791
1135 1417
1006 1583
1068 1733
131 1829
1426 2792
304 432
13 2745
256 1682
241 494
1998 3187
244 1591
