627 2033
420 1991
80 2276
1619 2422
1710 1896
468 543
418 699
560 2196
2242 2662
791 1638
265 2575
266 723
334 2313
265 2597
1439 2012
728 1917
349 1386
1165 2630
810 2695
493 2444
1573 1896
1812 2683
553 1559
671 2552
475 2369
160 2610
462 542
71 1466
2205 2355
1476 2006
382 1674
406 897
844 1761
1755 2558
1782 2607
1422 1728
810 2378
221 818
965 1302
941 1666
979 1690
265 2219
101 2417
2228 2260
485 2572
565 955
673 1698
473 955
874 1814
61 461
506 1427
581 2381
660 1055
187 397
320 1188
620 1475
41 902
655 1242
1298 1944
1337 1942
2152 2428
1868 1895
306 2556
671 2707
387 472
818 1007
262 2286
2031 2146
278 1484
1158 2207
1397 1560
442 1684
1419 1963
917 1030
793 1627
1043 1898
1274 2333
790 1315
681 928
2245 2617
826 1131
1688 2348
463 1105
1578 2282
1338 1903
417 1105
1707 2294
1919 2558
2070 2489
37 465
2125 2151
469 1248
894 1966
1862 2409
811 1562
1149 1438
388 2463
96 807
891 1412
1810 2043
362 952
874 920
167 1725
436 1321
977 2221
812 1728
1395 2172
1770 1788
1620 2021
886 1935
70 2141
673 1924
778 2570
328 489
458 2029
1091 2225
1006 1712
46 1052
448 1700
45 2316
496 1890
278 880
450 2472
1880 2254
1556 2569
1228 1858
388 1914
43 256
1097 1178
1295 2383
1333 1977
1314 1727
353 1358
941 2403
1436 1567
478 1226
814 2227
1853 1946
756 964
1121 1156
446 1774
1254 1391
2250 2261
2126 2444
1678 1750
88 148
60 738
1389 1522
2270 2671
1804 2575
1085 2463
38 2505
263 750
522 567
1110 1461
121 1000
400 1155
1928 2549
199 728
1300 2411
587 2661
299 1565
1565 1964
2123 2630
478 670
1237 1815
265 1714
2012 2648
2511 2624
1369 1515
81 2580
799 1062
404 1464
54 1946
1287 2320
865 1869
1636 2302
997 1038
364 2156
494 2127
541 1640
1258 1422
42 1695
163 2540
135 253
542 1035
252 2531
356 1516
520 1080
118 1988
990 1420
1840 2139
1536 1629
404 1902
1048 1533
2061 2523
203 903
857 1275
715 2651
384 1527
110 717
70 2455
744 1411
770 2057
510 2001
198 1802
1226 2478
1175 1946
988 1434
1663 2438
1570 2564
1670 2347
1238 1564
1619 2369
1934 2241
58 2508
117 2443
104 2522
479 712
938 1636
646 2214
1920 2320
767 1059
390 409
1147 1342
1344 2159
1609 1994
314 544
371 1294
984 2601
68 1211
128 899
939 1474
852 2004
181 1458
92 2194
926 1450
1631 1814
1343 1979
456 511
1373 1809
853 1759
525 2636
2509 2579
917 1692
334 1011
506 1644
206 2639
615 1605
1003 1348
988 1565
576 1192
1021 2034
1188 2066
824 1442
919 1987
697 2593
79 2218
475 2225
1313 2100
309 1292
969 1532
504 1899
43 1954
1915 2173
1531 1665
1279 1793
85 2148
1828 2560
244 2624
752 1308
1498 2454
345 2247
1377 1516
317 2648
682 2145
716 2323
97 1382
421 621
2329 2512
390 1213
811 2296
51 446
1863 2365
228 1263
1187 2272
1649 1843
72 2568
521 1918
363 2615
395 2017
114 488
700 2080
790 1316
930 1411
1075 2423
711 2370
1032 2413
415 1494
991 2639
1733 1746
422 1293
1537 2111
1305 2008
144 1996
133 2486
143 1597
820 1480
684 2310
165 2367
1266 2593
862 2597
1866 2555
64 1666
9 933
89 266
716 2472
1833 2136
97 834
318 1103
339 885
1199 2300
354 1273
1303 1398
644 2206
1088 1475
1163 2531
1173 1345
1028 1044
631 2383
1639 2165
1386 2270
215 1794
1312 2171
544 1135
1808 1964
93 1624
584 1825
937 1065
1653 2671
2310 2328
1126 1780
334 1132
2112 2370
11 108
489 1433
1934 2391
1201 2193
539 1085
1583 2025
1366 2016
229 351
2570 2660
993 1549
293 307
619 2354
1696 2040
397 2695
635 1149
612 1323
980 1578
1670 2342
866 2488
766 1365
220 1431
85 452
865 1413
343 1036
866 2129
673 1527
2027 2475
739 1383
2236 2604
2001 2180
2280 2410
1811 1838
1382 1524
20 452
182 2022
255 1645
47 1201
788 1574
1066 1229
1107 1972
722 1335
1691 2636
208 1064
760 2337
237 900
100 360
1430 1466
737 1728
610 2188
1204 1694
2406 2707
371 2312
1366 2256
354 616
368 2499
892 2322
1237 2353
1433 2624
201 1908
1604 2565
801 1530
1241 2017
213 889
154 1279
1633 2593
2483 2575
2012 2567
562 608
262 1085
416 1937
81 1728
982 2614
1368 2260
637 2404
203 2193
435 1994
1488 2323
515 1160
553 2354
211 226
725 1661
199 1015
78 428
767 798
1924 2105
1603 2197
524 2449
1308 1845
937 2329
1084 2374
2333 2626
1449 1825
1456 1935
2412 2631
77 2680
709 1812
986 1674
1781 2703
1023 2243
1366 2074
1770 2083
460 1245
1891 2639
2021 2424
1155 2056
514 1111
842 1481
288 413
123 898
1675 2594
1064 1452
425 1599
1146 1634
1141 2500
580 1828
1640 1984
690 1732
897 1239
1280 2447
645 813
1985 2663
500 2598
509 2128
1502 1725
2076 2315
963 1212
360 698
698 1663
1393 2234
1559 1647
1541 2510
1251 1467
369 2527
490 941
536 1525
882 1207
1002 2070
515 2105
967 2031
393 430
836 1719
262 1308
383 400
1477 1882
1095 1690
1960 2570
536 2303
124 1553
104 1433
1211 2177
1900 2405
1329 2631
727 928
2357 2510
1210 1301
10 1942
1589 1971
141 669
235 2338
59 1674
895 2637
1194 1341
322 2013
557 1431
1965 1980
1011 1598
13 150
802 2374
2634 2704
2240 2691
2230 2496
1644 2494
1981 2563
900 2408
624 1460
1165 1743
670 786
620 1096
872 1794
1 97
514 1019
109 565
938 1079
190 1361
1035 1527
655 667
831 2222
1836 2340
437 717
2024 2100
1129 1730
1726 2430
1776 2033
960 2286
1774 2487
795 2493
1383 2405
950 1515
589 1085
2144 2531
1078 1831
2011 2294
849 2013
1433 2229
2117 2553
2052 2345
834 1179
746 1426
1286 1895
778 890
920 2256
23 44
307 1911
44 1369
1015 2244
778 2556
323 1445
745 1678
1649 2665
402 2623
1570 2308
773 2478
1387 2536
343 1700
2339 2542
905 1158
549 2549
1289 2481
1019 2678
155 1537
1181 1361
173 2562
1423 1754
1122 2243
319 2159
440 1163
2082 2280
2052 2580
1173 1467
41 2238
340 2514
917 2379
1839 2708
437 743
1528 1754
1670 2598
1130 2295
153 2003
1935 2379
682 1936
199 2613
523 771
677 1477
684 1241
1645 2561
122 1953
688 1419
1770 2364
2069 2474
1809 2319
829 1395
709 2511
1418 1491
1877 2537
344 2604
624 2241
1362 1621
263 1297
333 1322
1971 2530
94 208
469 841
513 2533
258 2592
353 675
1486 2597
578 898
1213 2091
1107 1575
2541 2676
1397 2000
389 1566
645 772
760 1601
1158 2111
2105 2367
825 2451
236 1164
2126 2681
526 1892
1768 1867
1592 1730
1332 2556
1756 2604
652 734
76 1182
2028 2369
1108 1833
910 2611
531 1234
1239 1867
131 1383
721 1588
1299 1981
1092 1330
1279 1915
343 1717
229 2610
1299 1445
237 1770
518 1272
1454 2317
287 1011
474 2301
574 1599
1359 1679
249 1955
395 1006
1369 1653
410 2165
574 2610
354 693
1524 1525
1020 2261
663 1117
2629 2659
1965 2280
1413 1851
1336 2326
347 1773
841 1352
1283 1633
493 1906
480 1103
415 2088
1509 2370
1661 2406
212 1579
198 1693
458 2231
719 1250
146 1395
1645 2457
1410 2284
554 2672
726 2022
1639 2047
1467 1575
569 589
13 16
436 1345
1485 1954
1833 2634
414 515
562 1024
760 2405
2080 2661
1556 2510
1549 1798
259 589
931 2588
892 2127
1374 1839
1487 2238
182 2081
1872 1966
669 2018
10 2537
416 1670
1048 2216
725 1492
275 1941
698 2127
723 2413
459 2539
1108 1522
247 2584
335 1094
1499 2594
316 957
2005 2583
1119 1539
63 1317
2076 2614
216 1582
1299 2578
601 1774
1925 2242
1590 1856
2411 2596
1501 2488
742 1404
832 1191
924 2254
113 894
331 2539
980 1333
267 923
1368 1959
1407 1894
1230 1804
1645 2463
912 2253
808 1935
1426 1570
249 970
2103 2527
42 586
2138 2662
1779 1797
1809 2489
1513 2339
33 1102
1855 2158
738 1035
1923 2451
1467 1754
1574 2636
1548 2398
2278 2620
1085 2031
63 2084
176 1624
1074 1629
1400 1736
1383 2055
1230 1671
589 2514
1155 1831
93 628
2315 2419
869 2257
47 2515
248 2450
425 2591
265 1019
931 2003
795 1192
861 1879
2246 2564
2231 2580
1564 1880
85 622
725 1645
826 1228
795 2423
309 607
1214 1789
1565 1781
1380 1857
961 2140
1481 2254
670 1140
1474 2229
964 2454
1154 1902
793 2057
487 657
567 761
1112 1364
218 1356
385 960
1558 1868
106 1316
244 1612
143 2658
983 1446
718 988
681 2068
905 958
1534 2628
480 1669
785 1095
419 2654
1906 2594
1601 1768
259 1257
428 1450
209 804
51 1835
904 2412
68 268
206 1025
319 672
225 1215
691 2182
999 2268
879 1155
1001 2315
1609 2424
77 307
696 1783
314 1624
369 1086
335 2663
1611 1767
1969 2112
310 1622
2439 2453
409 871
999 1819
550 585
726 945
2447 2688
943 1873
437 2532
2004 2216
1124 2618
1629 2131
658 2178
55 1909
1292 1816
304 553
854 1404
132 1452
574 676
1317 1935
288 1727
320 936
2214 2660
892 2563
60 348
254 2198
1390 2170
2572 2704
743 2639
1271 1334
1872 2174
876 2087
485 2125
480 1610
463 583
767 2555
462 1477
120 2228
1223 1565
232 820
381 2416
1601 2084
1491 1600
802 1691
1500 2643
1261 1641
1305 2300
49 2439
613 2032
1764 1878
486 2176
1869 2612
1029 2601
934 1168
1716 2228
1209 1653
956 2169
422 1086
212 1374
1110 2302
188 1763
288 1828
280 1328
490 1856
314 1482
1081 2280
350 1697
615 1885
2060 2307
2123 2373
402 834
846 1558
1502 2599
484 1150
469 1848
155 215
935 1733
561 2061
1177 1804
1181 1301
52 585
1915 2557
2012 2523
714 2329
163 1329
235 1554
502 1217
205 1833
520 1528
1303 1558
999 2365
34 935
2307 2546
1406 2105
788 1156
1638 2049
31 1928
1362 2307
258 2344
1182 2444
608 2236
1641 2420
424 987
378 1180
693 2215
888 2316
113 2564
516 616
37 1449
535 1168
103 1272
1085 1453
97 2432
1379 1399
1722 2475
1533 2085
295 1756
769 1614
347 1590
1246 2015
1042 2480
298 2598
405 781
2059 2320
1477 1727
592 1978
2433 2451
1215 1378
1292 1861
411 1635
731 1290
1475 2488
389 1992
1811 2589
585 1983
2625 2694
651 666
607 823
1237 2019
52 2292
1077 2059
1420 2555
1007 2412
672 729
1569 2126
1813 2276
1127 1992
1103 1181
1898 2344
1974 2615
953 1009
1108 1550
1000 1711
668 1812
1076 1324
156 1046
862 2204
952 1743
2011 2399
779 1551
343 1204
67 2576
594 1758
451 1671
638 2235
1308 2455
869 1298
427 1106
399 1556
201 1210
1286 2459
240 1103
359 1942
641 1282
597 929
142 1892
331 1063
56 298
851 1767
104 1726
1840 1922
396 2530
1099 2364
664 1138
142 2697
766 1325
635 1795
927 2022
466 825
15 1960
735 1969
563 1020
702 2286
825 2327
1221 2601
766 1180
183 1913
1843 2515
375 2630
1600 2476
1171 1361
373 1390
318 1291
1363 2063
521 2200
1032 1089
1622 1633
1263 2383
730 1600
467 1147
200 649
643 2530
1258 1616
742 745
1185 1486
1005 2551
1114 1292
175 199
684 2658
1846 2532
1425 2458
663 2272
1500 2441
97 1787
1711 2384
193 2494
143 1635
923 1710
437 643
106 1403
272 1860
633 2384
795 881
102 1441
1477 2400
1353 2658
352 1357
1579 2284
1604 2628
519 1414
368 698
1478 2493
650 2160
441 875
2123 2152
510 1590
1160 2312
351 1536
2425 2467
29 2185
1478 2270
1138 2325
676 1210
584 1485
1583 2285
360 2607
830 2661
1593 2158
763 891
1039 2368
990 1001
1377 1709
269 1316
33 68
153 286
130 484
1574 1783
418 627
1450 2085
1436 2428
752 1892
993 1503
1015 1653
107 1128
1194 2092
1045 1327
459 1738
698 1050
540 1640
1055 2365
244 655
112 1932
582 768
292 420
1617 2063
420 460
1489 2072
1048 2321
779 829
8 247
1650 1788
1654 1728
563 2299
479 1976
539 638
376 1658
139 1684
1283 2006
179 1461
117 1118
1107 2250
881 2271
754 829
2 1878
358 2138
2138 2397
1413 2705
991 2256
1757 2361
1926 2320
223 877
811 2130
1316 2708
1120 1451
502 1953
833 1423
971 2606
1585 1780
1446 2480
143 1096
446 1759
1137 2348
80 1716
389 956
1183 1293
924 1399
1554 2140
1142 1383
513 1611
506 1289
658 1924
2080 2351
665 1936
811 1580
643 1772
106 1046
190 2278
1271 2285
1393 2700
524 1871
2153 2689
897 1394
371 2338
19 2403
646 2694
2002 2457
1106 1451
1506 2568
2510 2690
312 428
1492 2545
576 2551
58 1903
825 1618
1467 2332
288 1520
2246 2512
560 2372
2203 2348
1225 2624
53 1171
1458 2313
610 1314
2234 2575
1242 1691
990 1052
727 2332
1291 2413
96 2674
1447 1979
122 2617
222 1551
35 514
531 557
469 1122
693 1139
1457 2351
556 1153
352 2356
1120 1922
1592 1754
1723 2559
1633 1733
1143 1462
1052 2012
2116 2671
1785 1820
9 475
864 2194
575 2045
1545 1707
725 2599
1439 2389
257 2694
229 1329
1512 1556
1625 2407
952 1769
760 1603
1862 2329
276 1757
581 892
1316 1926
1662 2069
2337 2398
1150 1586
993 2450
357 1093
1589 2456
764 1882
435 2656
1215 1573
714 998
252 1040
1423 1981
769 2281
780 2424
131 2539
2348 2433
635 688
905 2329
457 2566
2556 2564
982 2268
2489 2690
151 684
997 1194
2139 2493
1379 1629
1731 2432
544 2140
1189 2691
1841 2338
63 899
1232 2220
802 1205
520 606
6 2432
146 835
1665 2201
1096 1746
624 2382
398 1712
614 725
527 2486
1535 1561
333 602
1238 1275
1117 1523
1458 1900
1922 2187
73 1714
719 755
90 2245
128 2479
786 1072
1194 1823
1955 2427
1846 2450
395 2610
1979 2358
822 1271
1190 2215
1739 2627
139 1936
1498 1564
799 1822
692 2058
716 764
136 1917
95 2193
2334 2527
214 344
1986 2312
992 1635
322 728
950 1884
465 1655
7 619
1229 2119
1379 2662
1506 2442
470 2481
383 1247
851 1467
139 2453
219 1881
1063 1912
349 1078
336 1685
1882 2019
1861 2319
120 1727
1409 2225
699 2139
1489 1809
204 1537
133 1754
298 2117
1127 1762
126 2368
1525 2235
1348 1529
108 297
1423 1739
182 2374
1053 2391
1186 2369
272 787
2016 2200
1522 2511
931 1060
795 1397
608 2521
1019 1912
790 2680
178 1779
317 1357
686 1553
616 1831
1126 1250
498 802
137 739
1330 2166
49 921
1031 1130
1667 2497
1565 1965
2302 2661
1273 2521
4 1405
165 886
2317 2474
2536 2559
222 1860
1473 2075
296 1043
2159 2612
621 2169
1359 1629
86 1289
2429 2594
823 1521
96 155
818 1780
163 1742
270 1276
862 1323
194 888
694 1919
168 2269
762 1260
843 1669
1941 2486
329 1783
2206 2398
1704 2197
106 2593
631 1551
578 1952
1797 2299
1655 2379
695 2216
1394 1593
501 1064
1126 1945
297 1543
697 2544
2081 2181
127 1994
295 1390
824 1003
842 2649
768 966
15 1065
404 1445
275 481
2338 2617
798 2243
1544 2349
35 119
147 500
258 1349
709 1265
579 1594
69 2073
853 1967
955 2141
1297 1788
1468 2537
655 1472
1079 1706
1589 2410
125 475
1037 1084
1141 2557
561 1899
229 332
488 1048
2423 2468
1356 2098
142 1493
206 1915
1561 1693
749 2433
791 1361
74 1539
293 1441
988 2070
1440 1866
681 1940
1196 2559
959 1132
1140 1374
1967 2278
412 2499
1688 2307
1677 2391
1148 2642
1316 2459
389 620
377 639
551 1524
598 2310
1602 2411
927 1250
117 577
1594 2353
23 1221
1566 2373
334 2018
1993 2354
666 1286
235 2460
675 2136
58 254
1591 2683
853 1480
513 1246
1201 2383
562 1798
1668 1826
1607 2344
845 2256
10 55
2076 2232
2136 2240
766 2051
802 1501
588 1181
765 1601
2041 2316
1124 1742
2014 2333
1010 1736
2108 2243
232 934
1619 2425
58 561
206 2073
1242 2017
1239 2417
84 1112
453 1382
863 1934
390 515
739 1726
870 1702
1371 2307
1013 1832
329 2030
1378 2399
356 2087
1811 2677
1553 2270
1654 2258
563 859
363 1213
89 125
1787 2644
718 1846
478 971
769 1155
1571 2539
1716 2271
2288 2404
1575 1993
301 1761
811 2682
514 525
513 1435
814 1629
314 417
2249 2354
59 1826
598 1597
42 2291
29 2565
381 999
628 2188
1382 1530
835 1401
1479 2172
1792 2321
69 1441
1274 2377
289 2343
39 2677
236 269
1018 2391
143 2411
389 2435
719 1920
294 2511
355 2683
240 2114
660 2196
462 760
714 750
654 1250
654 2084
383 1856
199 1305
413 654
389 1671
26 1074
855 1423
320 1511
318 2576
124 1349
621 2329
1001 2648
609 1632
1934 1960
107 719
257 2060
1674 1894
1033 2174
868 1153
604 1469
649 2138
877 2491
1024 2550
941 1232
1272 2635
1501 2694
934 1183
1103 2201
1383 2067
2123 2467
109 1539
392 2590
1011 1666
1298 2331
1465 2153
1753 1856
1697 2677
2384 2397
988 1911
1087 2318
1096 1521
420 669
94 651
126 2165
1794 2234
1213 2433
248 2193
1878 2484
93 2610
1468 2599
981 1842
204 1443
1080 1374
1048 2612
829 1013
395 1319
1195 1486
1669 2347
632 2193
645 754
189 1710
725 1040
409 1640
893 1608
103 2052
565 786
753 2586
2348 2618
726 1103
34 438
412 1719
1298 1815
917 1190
24 594
1015 2028
490 2024
288 792
858 1357
1042 2546
1533 1891
435 834
1969 2358
727 2656
1079 1582
495 1959
237 1744
21 615
236 362
795 2379
364 650
1066 2634
44 2109
1124 2040
1237 1707
286 1174
746 1020
1214 1531
193 826
852 891
818 1329
396 626
827 2577
857 1422
1530 2018
2069 2378
1713 2430
1408 1794
1141 2148
211 494
384 2043
1258 2705
1782 2280
226 600
325 980
1359 1864
1299 1966
825 1315
1267 1546
260 1291
1739 2315
575 807
1456 1698
2456 2599
1941 2033
1339 1614
698 1885
1331 2201
1625 2175
183 820
2111 2379
1503 2025
1252 2016
1213 2167
132 1541
369 2175
2005 2472
165 878
1123 1905
393 500
1346 2442
1400 1800
309 1184
1603 2232
441 1912
377 461
101 2114
607 1636
604 1272
600 1513
228 483
1022 1716
394 1701
1400 2225
1190 2119
373 1872
28 1026
286 1670
996 2499
1802 2430
431 565
514 2303
1201 2259
1826 2505
1855 2254
1661 2280
449 1944
298 1417
1897 2081
1645 2048
154 1705
1174 2365
9 1954
1923 2460
1269 1926
668 1106
1037 1384
307 610
1450 2475
1380 1829
1257 2455
388 395
142 1136
45 286
877 2179
69 2624
1386 2425
742 1516
699 2485
307 2540
516 1920
937 1142
1307 1551
461 2325
218 2432
662 1618
77 1763
1255 1907
1144 1548
1438 1776
543 2117
1861 1978
563 750
2136 2247
504 1060
978 1750
1566 2395
2362 2664
576 1465
700 1359
2099 2542
1391 1960
1663 1736
1694 1946
2353 2441
1221 1406
883 2517
375 1439
485 1200
2132 2221
2340 2510
468 930
1562 1974
1726 1866
239 309
95 2392
265 2328
456 2240
141 1199
109 1312
500 1782
834 2303
811 1776
1340 1876
913 1216
1031 1112
101 755
502 1733
933 1714
385 572
161 1700
1101 1522
439 606
2260 2380
1051 1529
1473 1642
681 1603
1902 2025
1329 2130
1855 2609
1482 1634
604 1160
1811 2340
369 1073
1776 2037
538 1537
1845 2511
464 1843
1376 2614
684 1506
98 1861
1656 1734
279 1030
89 890
285 1276
84 2480
1912 2517
1016 1476
1057 1165
1912 2432
2169 2361
370 553
659 1300
659 1383
841 1935
606 2148
634 2609
513 1969
96 504
1130 2466
131 1555
858 984
881 2096
466 1807
294 849
236 326
1222 2104
1541 1558
1397 1488
1207 1811
2324 2375
84 1934
948 1750
641 2610
993 2616
1259 2364
386 1785
991 2353
835 934
2109 2707
2200 2481
1041 2567
266 1372
203 1817
1252 1378
661 1650
514 1830
503 1783
277 2210
14 2321
1813 2069
340 1383
391 2276
1837 2172
1783 2187
16 2595
815 2215
774 2527
207 1389
1433 1896
16 1375
112 1026
1025 1971
352 1062
1794 2089
239 2014
1232 1295
688 826
1259 2329
1247 2681
238 2531
630 1762
1385 2260
2165 2486
475 2131
697 1638
998 2301
1967 2233
1595 2407
2108 2676
498 1726
747 2595
826 953
1259 1676
834 1919
1059 1435
508 1478
1498 2627
802 1021
344 450
751 1696
25 107
732 794
812 1215
150 477
2408 2564
1099 1171
1002 1219
289 1077
589 1722
1744 2072
1498 2589
163 1750
131 807
510 2224
1761 2450
1289 2443
1866 2484
2183 2684
1223 2196
1487 1927
1967 2508
1190 1543
697 2656
2038 2391
763 1023
1248 2431
802 2168
916 2441
2313 2707
359 1125
2091 2306
1893 2087
1117 2269
259 1591
771 1991
237 1080
1494 2315
730 1460
948 2611
925 2074
944 2251
559 1247
2477 2647
1229 2259
236 2270
45 2507
906 2040
483 1824
792 1486
866 2530
2177 2282
1687 1873
612 1598
25 2196
1026 2372
893 1290
2022 2233
51 1040
1634 2471
581 2429
1182 1565
1179 2583
112 2068
1461 1688
263 2406
447 938
828 2177
2196 2463
203 2067
363 1969
1397 2493
1581 2041
990 1082
1801 2293
1408 2099
343 2531
1074 2296
1041 1653
1898 2205
11 356
1454 2067
645 1519
1523 2124
161 1405
1782 2466
1242 2494
2291 2655
231 574
67 2318
672 2571
321 519
1232 1623
1840 2695
304 513
738 2476
103 1063
1154 2057
1139 1631
998 2326
1430 2358
709 2051
445 2318
1838 2188
502 2445
1485 1880
178 266
1040 1418
152 2011
1789 2024
1047 1754
1250 1888
2180 2207
15 1529
121 1064
2512 2594
1135 2565
344 2382
686 2354
123 1434
509 1784
763 2476
363 651
1100 2636
1294 2170
569 1621
1984 2260
1203 1445
655 1325
1793 1831
2092 2651
1497 1772
64 93
559 2210
843 1166
717 1802
1090 2331
339 2643
104 126
1321 1915
362 2608
438 2680
265 1193
1068 1651
597 2012
72 1854
587 2307
818 1141
798 1088
2281 2610
1442 1457
268 2708
634 1987
44 2098
1513 2487
855 968
364 1555
406 1712
39 646
1555 2590
121 1610
2315 2676
8 2361
1189 1562
459 694
306 2258
1710 1986
61 183
798 1701
467 748
1829 2241
680 765
1356 2256
230 2677
621 1898
1158 2533
2454 2674
1746 2254
139 2267
616 2245
151 1807
442 444
1131 2687
811 1312
1631 1775
1527 2420
1011 2223
977 1562
1972 2296
143 161
1400 2656
837 948
38 818
1289 1779
207 1481
819 1536
2310 2355
191 1576
1341 2091
773 1767
143 2540
577 1617
1305 1558
1095 1239
504 2509
76 929
1186 2045
777 2649
72 1261
771 1321
1539 2493
416 718
1549 1729
2139 2671
321 1893
536 637
1845 1981
1410 1533
608 1045
333 796
783 2021
80 569
340 519
502 2092
376 1598
1104 2319
552 1358
1050 1278
918 1750
772 1371
855 1952
686 1792
663 1133
286 2079
1237 1360
609 617
1211 2201
1696 2416
1742 2652
629 1974
809 2680
1251 1513
681 1292
436 1753
652 2542
698 1105
203 1547
1650 2611
522 2570
977 2626
396 2678
1709 2051
97 194
1076 2521
2280 2505
1155 1566
88 2393
1121 1863
1601 2017
26 2425
1987 2196
1400 2691
840 2006
1628 2285
685 2252
1046 1812
627 2312
1483 2541
1029 1037
611 2335
1313 1927
1479 1988
426 744
1442 1993
630 2231
521 1809
731 1281
8 2003
116 222
1002 1007
704 2671
1263 1566
1885 2667
189 2378
230 586
1056 1299
853 2284
1304 2317
133 966
1155 2584
641 1652
187 702
1206 1481
1022 2140
2607 2708
1570 2439
162 1184
1089 1557
211 656
2046 2232
657 2241
262 1198
516 978
986 1066
1399 2561
879 912
1726 2104
19 1405
883 2657
482 891
947 2072
1090 1929
29 378
355 2324
1714 2151
83 1600
761 2608
281 1662
647 2232
1748 2597
79 1748
1345 1758
2035 2441
72 1068
317 1065
968 995
359 1068
1132 1609
1844 2254
1640 2515
256 777
650 913
281 851
798 1830
914 1703
1032 1690
564 698
265 2158
550 2044
1060 1085
74 1918
463 1605
394 1576
26 2708
173 2661
627 2206
706 1465
1558 2027
906 1730
1010 1757
1029 1349
1673 1951
348 1404
844 1868
1736 2230
1761 2270
713 944
793 2032
1702 2604
525 645
737 834
971 1213
632 2452
804 2446
714 2659
1286 2607
1587 1756
931 1294
64 2218
998 1045
1603 2298
420 650
289 2258
978 2050
258 1395
56 790
435 2442
606 2673
916 2355
555 1616
314 485
435 693
444 2319
543 840
1133 2705
170 546
51 2557
317 377
1567 1915
927 1003
315 1070
780 2651
597 976
118 2241
211 1030
1009 2446
1708 1867
76 1257
1472 1627
1193 1791
146 2222
1146 2011
2136 2178
1253 1937
912 991
534 1599
329 2157
645 1576
2198 2333
1008 1519
1626 2475
1684 1849
1767 2057
624 1535
788 2334
1788 1832
460 563
407 1945
490 1679
608 2378
1222 1714
295 1299
228 449
91 1075
2031 2322
408 926
1493 2092
204 1358
596 2096
363 393
384 1741
346 1274
345 416
313 1182
469 1408
855 1684
1039 2639
209 822
855 1902
1117 2601
1787 2131
12 1592
1885 2598
1841 2444
184 1347
279 659
963 2009
3 2145
533 1313
1900 2127
447 1783
255 657
2399 2557
1281 2481
444 1035
1541 2291
1620 2544
868 1141
692 1441
1018 1520
1088 1596
1798 2035
700 1194
1917 2176
234 2341
539 596
841 1186
141 1579
1041 1906
1868 2293
1612 2517
287 907
1581 2115
265 2372
44 1025
1867 2576
16 344
276 1142
471 685
116 1984
520 578
309 1246
2282 2368
836 1114
1259 2312
17 1443
1154 1261
1332 2425
129 2317
345 1134
280 1028
1650 1782
1553 1597
2162 2279
851 1175
489 1966
1033 2514
1172 2557
614 1366
702 1424
1656 2676
74 2378
1174 1541
659 2601
356 2031
85 124
1601 2421
771 2428
413 2333
12 1181
1254 1555
943 1574
359 1622
1043 2321
226 2145
1352 2060
1080 1830
220 1106
150 888
1847 2364
131 2404
100 251
1516 2158
1066 2126
925 1026
132 291
64 1935
405 1048
221 1256
21 2293
519 2652
293 587
2463 2667
160 2397
652 1706
1193 2703
36 1794
425 2363
6 565
671 1166
1822 2098
752 2458
234 318
1174 1673
290 2126
564 1707
762 1133
1003 1679
849 1106
1524 1672
1418 1748
491 1826
1037 1642
1640 2367
980 1701
580 1490
1895 2244
251 1538
783 2453
726 2117
1290 2654
168 1057
1624 2569
2594 2620
359 2172
739 2281
1083 1480
673 2217
1064 2349
1839 2694
2205 2555
207 1120
821 1269
248 1847
2028 2231
229 1531
432 2478
705 814
738 1042
622 2432
492 2187
265 2104
2273 2639
875 2384
509 947
1422 2527
1965 2665
96 607
497 1236
1399 2030
829 2257
281 2156
665 2254
382 792
267 2153
1042 2377
1568 2618
135 2575
1266 2582
123 2571
636 2386
2100 2570
140 2489
375 2354
2039 2323
131 1210
959 1659
1048 1080
525 1355
592 2663
817 1179
726 1030
550 1100
1583 2272
846 947
2079 2221
192 613
401 1022
1181 2262
317 2627
1184 1734
1897 2704
253 2483
1289 2131
921 1389
1659 2254
1813 2363
1223 1896
405 1611
496 1940
1217 2214
1291 1614
901 2431
809 1900
1008 1293
1466 2317
585 1402
123 766
658 2626
1787 2606
2456 2643
391 858
1313 2095
110 1910
841 1979
1343 2130
2457 2604
43 1019
1027 2428
352 494
776 2444
1058 2096
1338 1825
1137 2562
817 1279
1107 1501
1190 1575
477 1978
758 2567
481 1269
264 876
281 951
486 1030
46 2593
875 951
993 1782
614 1831
1980 2075
1885 2282
446 2090
579 1419
873 1561
398 2377
1313 1440
626 2406
1726 2153
656 2167
858 1405
1887 2417
886 1024
1124 1201
813 1660
254 1757
1440 1726
1425 2422
601 946
1222 1684
234 2483
622 1355
1382 1563
103 694
1691 1980
1276 2441
1666 2545
913 917
475 785
36 2404
826 2037
1205 2382
198 1952
98 1551
60 2441
1791 2138
1325 1344
901 1223
1967 1970
738 1955
1407 1804
698 725
116 1004
577 1684
699 2601
502 1356
48 2280
175 1027
1316 1486
6 1471
610 805
425 1308
541 681
465 1954
1408 1974
1188 2428
531 1569
655 1861
235 711
1581 2021
1761 2356
1493 2477
1173 2570
335 1697
416 2235
2 137
815 2477
755 1068
647 2216
678 2677
94 830
1910 1912
312 504
1254 2001
2156 2444
1144 1981
125 514
111 435
554 1040
1093 1528
737 2034
666 1307
1313 2628
2251 2486
1233 2217
842 2054
573 1127
1197 1687
848 1269
64 2077
652 1749
452 805
175 623
1852 2429
1116 2182
410 1822
140 1523
836 837
1168 2085
436 863
1553 2479
1002 2415
2054 2547
339 1620
439 2608
1085 1718
2014 2068
748 1435
1211 2480
982 1742
1603 2516
921 999
46 378
2050 2379
1972 2605
897 1498
798 1266
179 2116
1128 1360
1248 1417
237 1299
28 2468
552 1575
498 1439
613 1377
351 2129
1601 1807
6 1934
149 871
2090 2386
1454 1784
1734 2124
6 655
569 2423
1215 2637
469 1985
15 43
1438 1624
663 1940
626 1118
89 1319
1310 2025
34 2379
339 2088
780 1560
334 792
1709 2008
783 2310
425 827
174 707
890 1793
124 1479
1586 2322
1289 2410
1644 1709
2126 2624
823 1402
210 1853
225 2642
1043 1590
124 1372
1111 2681
988 1891
1488 2047
466 900
1709 1864
564 2031
375 1653
628 834
305 1288
90 507
1062 1178
2003 2639
1423 2475
1489 1586
942 1638
235 394
1403 2161
1614 1625
690 815
246 459
775 905
1075 1284
795 1054
1223 1348
561 1845
1273 2050
633 1829
469 2625
1247 1405
116 739
981 1322
55 1848
1137 1429
23 810
2609 2619
204 1666
871 1229
33 663
1588 2165
245 1034
972 1894
2051 2505
85 265
83 1133
2210 2377
1444 2256
768 1639
1704 2063
1643 2563
1478 1638
689 784
1451 2424
285 2662
1465 1545
1405 2408
612 1610
1201 2554
1028 2614
3 2553
1368 1555
487 1490
493 1136
568 1016
690 2410
1815 2125
1483 1725
408 1556
10 1725
387 1019
16 1439
2029 2034
1041 1177
577 919
1624 1935
639 1938
712 2024
1287 2501
952 1451
1019 2041
413 826
502 832
50 2165
1443 2238
1246 1833
1340 1377
1626 1736
362 1413
608 1934
2021 2217
1804 1823
124 1484
1483 1855
991 1454
99 1985
1669 1951
282 355
928 1695
2225 2500
73 1477
2515 2597
1060 2168
44 1174
844 1501
88 2240
237 2294
1397 1809
1337 2198
417 2240
1008 2284
240 646
726 2471
2438 2690
1515 1586
220 2545
531 1598
2041 2351
802 2273
649 1327
101 2099
2103 2313
615 2236
681 1179
131 1851
724 2222
1549 1811
643 1337
113 1417
379 677
1269 1755
604 1992
493 1716
1674 1796
340 1987
1381 1733
2619 2677
1936 1995
1297 1922
936 1488
176 2675
883 2659
989 2593
746 1605
1472 2271
26 77
1336 1804
1483 2287
988 1413
1233 1443
438 1407
286 2570
503 1898
10 603
178 353
1222 2620
2029 2234
1315 1762
543 1431
252 1661
863 1645
585 1056
651 1002
944 1376
1165 2011
1470 2163
716 864
213 777
1810 2486
93 921
509 1958
2235 2371
183 2512
520 1863
1502 1892
102 1844
132 713
873 1539
868 1118
1519 1798
1060 2370
866 2598
2353 2474
1717 1837
1696 1872
938 2533
532 1340
846 1405
651 1297
649 978
73 1293
1044 1642
1572 2293
885 1558
44 580
1837 2311
1115 2411
1040 1755
449 2055
927 2619
989 1023
1433 1763
1187 2059
1781 2662
184 2123
468 1303
300 943
1000 1781
1623 2575
1186 1197
2219 2329
586 2399
142 572
1115 1179
1448 1945
452 2307
83 201
949 1821
1074 1515
314 798
615 1241
2342 2347
1646 2586
272 750
2241 2469
1977 2308
1284 1569
629 1321
2182 2434
724 1904
857 2336
1652 1993
2430 2686
306 1829
1723 2092
290 1122
98 1941
446 930
1193 1514
33 1653
1471 2378
1412 1419
1174 1407
180 782
967 2285
865 1583
1097 2055
153 1967
1377 1954
150 526
309 1932
403 2016
402 467
423 2257
2358 2672
787 1319
369 1023
209 263
1237 1379
1777 2374
179 2084
1577 1841
768 1717
1121 1352
147 2083
484 1646
233 1730
2481 2532
454 1846
1435 2579
203 2197
1663 2332
518 1525
1657 2136
1 385
700 919
133 339
229 1646
921 2321
616 1290
989 2038
304 2055
1059 1413
588 788
1113 2220
2174 2221
1189 2111
228 2067
1777 2570
838 1764
852 1606
401 2204
834 1201
882 1857
1879 2090
1031 2519
1411 1543
627 982
1199 2233
1456 1722
1266 1638
113 982
786 804
358 1266
811 959
801 1249
317 1936
660 2259
149 2282
626 1905
897 1661
253 348
2251 2488
2070 2668
2011 2564
2435 2546
400 465
1848 2533
1007 1148
1233 1703
266 1514
1027 1326
878 1081
888 1881
1046 2353
146 1414
59 951
1308 1331
1024 2128
172 2644
1278 1664
357 1251
322 665
486 1647
1307 1609
1628 1757
1786 2304
989 2005
155 2047
148 1332
104 2424
1010 2019
2539 2589
867 907
738 817
37 287
598 2639
375 1609
130 2647
576 2380
1914 2255
556 1324
182 2019
2600 2607
1564 1725
1620 2180
419 1509
568 1394
1354 2477
2230 2250
828 1294
546 2020
2168 2219
1637 2145
186 733
2072 2382
577 859
2523 2583
1187 2596
485 1788
727 921
41 528
1486 1664
2333 2341
780 1984
79 2339
313 2469
815 1775
86 222
225 1268
1812 2321
1780 2410
1490 2141
20 605
903 2129
759 942
148 1137
833 842
456 566
616 1636
909 1638
765 1242
707 2047
48 237
559 808
953 1457
276 853
724 2674
230 328
876 1840
1516 1925
559 1372
894 1002
937 989
937 1173
1469 2700
295 1462
525 833
765 1344
1995 2608
1671 1872
727 2695
419 2328
562 1648
862 2606
885 1393
1026 2261
806 1578
539 1407
1763 2563
41 425
891 2089
1657 2129
1377 2449
305 1365
673 913
233 1919
848 2295
71 1335
1358 2034
43 2476
1065 2417
330 966
1524 2184
771 1290
381 998
1546 2046
404 702
552 2578
1102 2514
1823 2286
181 1576
224 1788
2 1645
1545 2338
1301 2381
2051 2247
1764 2123
1540 1917
1493 2555
1292 2199
298 764
1430 2423
347 2473
461 2021
1084 2525
1524 2340
501 2184
645 2620
79 707
213 602
142 1675
2116 2377
59 545
477 676
1788 2389
952 2086
1032 1556
680 1162
358 1686
907 1046
1447 2222
218 520
2215 2228
319 566
600 1660
1423 2604
1535 1919
1716 2372
141 741
681 2433
1209 1307
1605 2187
103 441
96 121
455 1107
876 1384
824 1822
483 982
280 754
635 1211
1041 2565
372 1306
2048 2246
300 1894
874 1886
294 512
23 2140
876 2004
726 1592
1579 2197
340 1933
761 864
160 2700
1057 2217
2232 2395
238 2445
2233 2668
687 1541
857 2413
20 2425
702 2533
5 1648
502 2083
1255 1674
1482 1730
1788 2249
430 2616
160 543
68 2332
189 2313
587 1038
1369 2203
514 1403
440 1004
1952 2530
565 1563
558 984
336 2169
715 988
143 837
810 1796
902 2302
2039 2205
1753 2598
840 2382
890 2229
458 658
1338 2646
802 2181
395 881
320 1238
1635 1908
793 2374
449 1869
1379 2166
216 1186
1336 2429
1941 2060
117 483
297 2549
60 1211
521 1428
638 1532
948 2075
495 700
917 1134
266 1360
1142 1553
812 2384
932 2243
1006 1782
183 1019
633 1983
206 1115
966 1179
154 1869
564 750
655 1274
2089 2442
1489 1555
132 465
1290 1536
1357 2299
1450 1496
145 2293
2116 2292
1567 1774
1719 2067
1978 2055
2025 2251
1304 1727
389 2660
857 1411
1605 2452
1387 2105
1465 1585
67 1819
291 2689
8 1139
1757 1887
188 901
11 2577
162 920
821 1801
299 2635
140 270
444 491
1496 1656
1 1011
203 2039
1839 2435
904 2308
1893 2382
581 1865
2009 2579
1070 1122
731 2125
1551 2112
804 1258
1141 2024
375 1804
1006 1344
1353 2314
1341 2211
393 520
257 831
926 2268
148 647
1933 2560
1844 2324
992 2324
108 998
1541 2198
373 644
143 563
976 1593
496 2599
165 1282
690 2314
98 1614
1654 2506
1333 1733
347 960
2266 2486
858 2095
337 1688
1006 2550
2333 2694
476 2569
1460 2029
480 2533
832 1099
662 2489
30 1609
85 2537
1375 1453
1341 2489
462 1332
958 1222
486 1247
2271 2336
1864 2300
863 1259
627 1007
701 1213
928 2662
51 1399
359 1447
1628 2652
1285 2503
923 2526
1797 2081
535 1259
271 2690
2193 2311
793 2577
265 888
1649 2280
199 1632
2351 2428
2045 2100
2206 2277
130 584
620 989
265 1719
1479 1592
961 1711
804 1390
1497 2232
268 1286
820 1194
2363 2425
669 2560
1239 1440
1187 1914
1762 2564
260 1204
1795 2001
152 2177
72 1176
1467 2313
397 2453
1873 2571
1528 2210
878 1483
219 1694
266 2548
727 2234
1144 1605
84 1866
864 2590
1406 2312
1592 1969
244 2076
1008 1481
225 246
1723 2301
1738 2407
1078 1872
1368 1620
1415 2316
569 1972
178 867
730 1856
371 2039
1333 1814
2093 2511
1625 1917
1829 2656
165 1403
939 1210
290 997
1340 2409
1225 2015
1579 2490
158 403
772 2434
787 1851
65 2568
1158 2674
477 1299
98 1707
951 1421
381 1004
1126 2550
1385 2060
1346 2192
637 1133
686 1791
1330 1926
121 1894
1028 1651
417 2607
155 885
1488 1754
148 2028
150 2253
908 1081
656 1628
406 1539
2312 2544
893 1176
1702 1804
1321 2136
610 1333
1986 2625
664 1281
458 662
1836 2308
561 2052
2072 2090
509 2358
1283 2453
557 790
130 858
454 2258
868 2134
667 897
1606 1742
1446 1667
506 2703
411 471
844 1491
134 329
987 1661
552 2253
1484 2426
655 1685
936 1126
658 2589
632 1716
22 1192
324 1862
1330 2103
55 2583
43 2325
800 2369
31 1022
563 861
579 1823
192 1673
899 2036
898 2423
340 491
131 2160
117 371
455 1995
1032 2063
1253 2380
437 1869
535 2392
987 1877
1668 2037
2240 2427
667 1927
328 1179
2611 2689
1574 1829
547 964
1262 1498
459 2316
589 810
1316 1345
2003 2253
142 1876
395 873
731 1499
810 1658
629 2399
561 1170
56 1196
1524 2421
2379 2448
1066 1457
1436 2637
1301 1550
330 1640
1178 1323
1074 2070
2062 2423
1658 2510
610 725
609 2481
135 1029
145 2014
231 2077
1873 2475
1242 1535
438 1898
513 2335
182 2668
636 1663
2041 2481
733 1638
1913 1929
157 664
772 2051
206 523
460 546
187 525
1511 2421
1971 2320
1023 2372
280 966
251 2656
287 2428
806 1762
1318 1352
1499 1641
1181 2441
395 574
1077 1642
200 585
145 409
38 843
50 665
1698 2599
415 2322
494 1500
224 533
1423 2554
326 2472
2304 2592
335 2242
304 2072
693 2443
36 1281
369 2598
110 1675
2355 2604
822 2021
497 508
2102 2105
867 2296
950 1493
533 1637
146 1984
746 939
910 2059
2037 2693
1888 2610
649 897
1024 1159
1670 2044
527 2677
78 2458
383 464
821 2660
182 2326
901 908
1525 1869
740 1520
232 2043
2208 2379
2128 2286
999 2316
1068 2477
614 2067
139 654
1337 1720
494 2542
174 614
1073 2176
875 1121
615 1198
936 2201
583 969
203 515
524 690
300 2177
2018 2398
105 929
234 1395
55 858
1854 2373
448 532
730 1131
70 2438
42 1696
123 2365
313 928
2269 2694
1741 2016
1033 1548
2163 2349
2433 2617
293 443
1162 2017
1968 2561
1397 1698
637 1435
481 1132
558 740
1794 2370
167 984
528 2329
2117 2523
408 1146
1324 1913
336 2376
937 1174
157 1625
412 1407
313 2308
1605 2310
769 2434
361 2511
533 2104
