567 1375
823 3160
711 2175
461 2985
938 3256
665 3208
123 315
569 3049
245 554
1319 1604
406 1041
62 1268
1681 2200
1242 1967
417 1301
500 3022
630 971
1471 2669
44 478
2075 2092
5 1990
666 1142
823 2593
706 958
682 1241
1912 2170
52 2442
181 405
13 1583
390 2382
413 2217
369 2811
310 846
141 1682
159 2111
88 1442
1942 2085
994 2575
210 536
564 903
452 582
830 1493
194 2085
373 1897
47 1246
527 652
392 411
2448 3121
1539 2597
1322 1372
549 808
2047 2466
517 1420
789 1973
1583 1985
706 928
627 1620
179 822
621 3086
230 449
256 280
945 1887
2380 3026
494 719
330 1385
949 2072
312 1640
760 1135
1532 2048
1581 1710
705 892
367 3108
752 1413
327 1059
2123 2743
1131 2488
475 1992
269 1226
1683 2025
766 1481
303 1887
11 438
1563 2049
662 1014
1337 2048
750 1434
300 2174
40 1042
1271 1632
1646 1790
268 2457
1005 1946
567 2592
961 1354
1268 1860
295 3045
126 1778
723 756
121 428
463 991
429 2670
148 2985
427 2510
2005 2977
446 2575
664 2706
1433 2775
86 2338
516 814
1113 2510
376 2658
1061 1064
1046 1700
556 2237
424 507
338 1788
213 899
1265 1550
672 2134
519 696
1079 2004
139 928
471 863
572 2098
948 2215
853 1748
1727 1867
470 505
391 2844
531 1538
1086 1918
66 1674
782 1934
988 1176
1260 1285
1237 1949
177 1794
1533 2462
892 1789
659 1888
1475 1668
1658 1903
297 661
1032 1480
135 1355
750 1898
356 407
1413 1940
76 567
415 2456
486 1031
1906 2214
2345 2630
660 1061
658 3256
1155 2036
1259 1772
1942 2779
1669 2013
2856 3269
2457 3041
1394 2944
311 385
175 765
880 1052
1360 2036
1270 2678
703 1043
584 1638
784 2417
297 2869
354 705
1613 2944
2172 2928
175 1240
381 2375
603 1145
682 1639
812 1218
312 1063
221 2120
455 841
1479 1673
2194 2571
988 1271
1349 2827
590 1450
551 618
2585 3206
300 574
208 3044
976 1745
576 3124
649 2113
936 2130
643 2988
373 968
571 1008
1797 1880
1180 2214
821 953
1309 1722
818 1917
494 1475
255 2028
2146 3105
188 198
213 1081
983 1794
1812 2529
228 2237
241 1435
1337 1598
460 832
293 2575
942 1922
746 1810
526 1961
886 2279
63 1952
2668 3118
2028 3186
912 1684
553 937
289 411
189 651
347 1772
133 390
148 1659
360 888
1766 1952
1772 2361
152 1230
233 763
2172 2697
234 1466
409 1670
241 492
988 2828
1864 2136
1683 1987
1151 1164
376 1381
2104 2447
853 2678
269 649
218 244
404 1975
652 999
317 1991
204 869
726 2237
205 1138
1276 1479
101 1661
601 1629
188 241
624 1452
940 1471
100 1406
450 1710
369 1299
1886 2699
1509 3045
1509 2795
1397 2792
1585 2811
1766 2122
117 3306
444 811
876 1919
48 994
47 1117
208 1409
285 1255
693 1627
63 421
1208 1545
86 1151
361 1351
1810 2421
1290 1352
1846 2182
1753 2766
928 1710
131 1616
673 1901
836 2362
121 1410
485 3005
1425 3254
1224 3016
601 2546
362 721
175 1310
455 617
1187 1619
851 3081
545 748
341 819
674 1781
841 2495
95 684
2150 2182
997 2752
742 2122
530 1348
608 1632
1146 1286
470 1633
2400 2811
1038 1250
324 2920
116 2386
1258 1710
807 1315
853 893
642 643
799 957
768 2032
242 1142
298 916
560 975
228 772
482 1588
107 2625
1422 2056
333 1689
445 551
158 160
1426 1719
1376 1823
793 2600
2443 3287
2844 3167
254 1644
653 1107
1639 2386
32 2208
454 795
725 1664
30 1689
685 2858
58 1341
576 1802
2380 3021
1200 2071
563 3007
7 2243
292 2100
96 1737
1327 2149
780 1513
739 1097
200 489
164 840
1500 1578
435 1001
716 1652
352 1015
313 1309
661 2294
787 1471
756 1880
517 2740
477 2243
912 2479
43 740
1592 2098
1493 2407
1625 2362
295 2532
150 1977
153 687
1411 2594
662 2237
510 2768
951 1446
386 1899
617 2639
1061 1388
131 3263
1169 2058
559 2791
1354 1935
34 817
1579 2130
1245 2514
932 1778
2175 2962
596 1520
188 995
2813 3235
510 1427
222 2407
690 1652
120 792
210 289
425 717
223 1996
134 1608
563 1032
848 1442
1360 1741
1312 1882
2861 3022
908 922
495 1011
155 1533
1030 1923
949 2402
79 870
867 2149
1903 2277
1086 1587
464 1854
1712 1777
425 1669
131 1141
1240 1326
880 1099
1098 1574
1366 2841
617 2754
848 2338
721 2925
1276 2317
1291 1450
645 1788
1591 2284
521 684
229 1600
584 2575
155 1554
382 450
901 1142
474 1153
1271 2129
1832 3016
616 625
64 956
1999 3021
2025 2042
676 1891
1377 2435
290 1298
818 1550
84 806
1911 2173
155 2768
221 787
588 813
974 2062
131 1007
1074 1153
295 1632
1137 1357
854 3145
577 1187
834 2011
65 1718
346 1493
1847 2557
1749 2577
516 2151
730 2058
520 1843
2200 2910
569 1044
1892 2317
248 2254
374 1254
2348 2419
50 849
1437 1997
843 2245
766 1331
326 385
436 1171
999 1742
469 677
123 439
863 1766
1935 1943
1044 1406
120 806
61 3014
558 1097
2084 2725
1649 1741
812 1960
1510 2013
870 3211
1215 1456
1211 2668
1016 2203
361 1823
568 2423
657 687
987 1239
230 3275
1003 1331
297 1471
614 2575
390 2666
1370 3014
855 1584
703 1598
315 1537
1414 1424
967 975
252 314
618 1361
147 2571
121 792
829 1115
190 2116
819 2129
320 1041
1005 3237
171 1270
551 2146
299 477
596 1812
24 554
542 1670
36 994
186 3160
717 2419
42 3229
1888 3131
1920 2428
379 1391
264 1454
1186 1309
105 627
421 1771
1949 2996
80 3235
470 638
725 2600
1649 1879
724 1705
79 127
1960 2971
541 2261
444 2659
255 1716
630 2386
126 2116
114 1975
1042 1724
141 1821
678 3192
524 1529
785 3186
846 2293
695 1766
815 1228
82 1097
612 1308
753 943
1345 3269
595 761
136 667
912 1978
1605 2571
1410 2708
140 3256
174 2014
310 1059
758 2052
512 1243
867 1125
227 274
932 3042
460 1289
643 1278
261 1661
678 2457
864 3081
43 1847
1867 2515
462 557
455 1072
1543 2859
222 1383
1231 1778
1649 2151
403 684
1619 3042
534 723
1798 3187
180 2093
1457 1700
669 3269
195 1129
611 627
1141 1274
503 2670
688 811
1896 2074
306 534
1829 1898
230 2352
581 1496
590 1802
869 1409
477 720
305 839
827 2125
96 2409
1065 1348
624 1589
171 909
214 1889
460 2084
614 2098
40 1408
860 925
378 917
687 1979
233 1480
268 1689
752 1684
966 1781
38 510
1425 1829
133 313
1341 3022
621 869
161 1689
620 2729
1351 1832
256 772
1119 1158
637 987
409 2731
977 1880
1395 3302
851 1370
22 1899
1161 1938
1264 1479
102 124
1194 3268
812 3292
217 1334
391 464
2593 2813
937 964
1734 2435
1144 1823
123 2134
2865 3245
833 1795
956 1912
593 2395
1090 1748
313 580
815 1232
989 1207
306 1412
1358 2706
46 2131
355 381
1130 1877
686 1074
1329 1361
1350 1807
1944 2388
6 416
1394 2300
280 3210
2584 2741
131 252
362 1781
692 1342
152 1704
1 1276
1028 1572
1350 1858
66 2700
682 1344
1 1712
1464 2840
463 1166
848 1639
256 2028
294 2677
457 618
1574 2668
927 3044
1249 2261
901 1301
425 1098
291 1358
580 1107
1310 2052
1010 1889
244 580
155 1155
103 1051
726 1942
47 457
107 767
489 3275
738 1229
133 1872
2456 3015
817 893
198 836
398 576
1159 2321
381 392
1770 2058
501 2673
1453 1553
2648 2910
2383 2455
1825 1856
613 769
640 1217
524 1421
158 1180
656 1513
1302 2258
427 486
500 2104
412 2152
811 2222
105 213
53 861
1706 2924
456 1703
747 2779
209 2010
159 1083
367 1932
431 1187
2175 3123
98 3297
830 1296
221 2024
217 275
621 934
1000 1091
627 1525
1550 2014
91 3273
626 1124
171 1148
1885 3163
732 2208
1512 2019
83 318
383 2779
1979 3159
766 943
128 1327
1228 1391
1042 1584
244 995
1044 2006
49 353
88 1278
340 1224
705 1662
471 965
1177 2647
1169 2472
1080 2134
1327 1370
143 1461
1911 2044
55 1488
640 943
200 549
638 642
1083 1250
2028 2142
539 1423
39 3132
680 1280
241 1047
1650 2852
342 758
261 1778
933 989
507 2679
234 1795
1392 3165
918 1071
559 2655
682 1534
603 1647
958 2398
1638 2319
690 2448
1344 2079
619 1704
289 1259
488 1741
1124 1992
189 1072
515 3005
421 1368
565 1178
2700 3267
591 1882
711 1274
658 1635
522 1810
105 384
572 3123
84 1716
685 864
1588 2019
53 1996
633 1376
1349 2217
301 3302
397 1754
218 2659
1870 2693
281 403
63 1504
1618 2352
1776 1815
1902 1946
1402 1605
1843 2283
673 3163
1489 1746
193 2279
189 365
869 2166
1880 2465
1383 2075
1273 1662
410 2395
291 1131
1865 3167
404 2140
1854 2827
1327 3010
624 1659
937 1225
197 1992
609 2171
264 2284
749 1656
954 1647
190 1888
1584 1906
352 1207
2024 2085
138 2985
261 2009
26 887
495 1299
307 2293
641 1395
16 1504
106 1860
1097 1956
1359 2294
5 1427
230 1106
401 591
359 2005
881 974
443 2012
271 1181
1092 2553
1008 1507
740 3079
391 1440
1309 2214
999 3170
1313 2706
130 883
730 1182
831 927
114 442
948 1526
593 1774
724 881
1655 1934
927 1381
2461 2721
16 2362
2012 2700
287 923
338 2594
555 2211
490 1420
76 1413
193 425
341 1696
2058 2098
106 1853
405 2814
532 2624
157 1391
252 2186
29 2054
763 1061
827 2171
2532 2592
500 1961
695 1349
932 3209
102 1810
374 715
1187 1573
34 275
586 1342
2033 2095
1233 1896
414 870
1931 3081
140 1282
79 1060
1155 1961
280 962
517 1454
18 2587
2791 2996
1514 1840
151 958
855 1215
358 2677
1270 2079
952 1815
348 1282
2099 2461
8 1691
141 1828
427 3116
1435 2300
813 1953
672 1646
212 2678
837 1709
1599 2033
651 1394
789 809
146 321
1446 2133
635 1263
1719 2575
54 1187
631 1052
52 543
1061 1765
40 108
272 338
647 821
599 2813
2699 2874
15 3125
233 3175
945 2895
1072 1398
1086 2856
903 1394
54 645
142 438
68 3116
94 1005
405 977
1008 1408
424 2420
871 2398
191 2112
690 1901
989 1129
1188 1533
91 3294
373 642
157 2865
1490 2172
1368 2044
815 1967
428 1512
31 1872
1957 3159
28 446
431 1682
224 1663
1906 2987
590 2200
858 1844
548 2397
1828 2861
1896 3268
42 1864
811 2944
236 643
1005 2340
1287 1440
815 1632
623 1682
819 1321
669 2343
527 797
1573 2577
553 1705
144 614
1051 1253
116 290
179 2984
567 2098
1027 1631
814 2461
3104 3165
440 834
1427 3294
1867 1956
374 2136
1086 1700
694 1379
1187 1495
699 1739
355 964
2865 3170
212 2037
495 1715
349 1076
1722 2699
9 1884
1140 1149
994 2003
261 1982
1189 1776
800 1851
746 2094
1458 1868
1319 1632
551 2703
148 490
285 1655
2254 2841
597 1470
1210 2106
2149 3235
148 721
854 1634
806 2846
593 971
477 1425
311 2129
527 2005
1315 1944
384 793
2394 2594
146 383
995 1895
187 1904
580 1139
682 1149
965 1334
556 626
724 1737
857 1370
1079 1271
1777 1934
889 2130
100 1341
562 726
2058 2795
552 1153
1589 2058
1076 1414
1737 2587
314 1137
145 1659
446 3006
677 692
1142 1609
487 1441
705 2510
1260 2004
512 1039
68 635
1574 1742
249 637
849 1386
367 1093
358 807
650 2874
1144 1445
267 2026
1083 1773
2340 3297
876 3254
1371 1519
347 1068
181 231
1065 1160
827 2466
504 1220
438 587
373 1670
970 1777
954 1583
785 2208
427 607
589 618
2135 2526
1408 1488
598 1762
872 2510
471 1507
27 1182
350 656
245 298
1381 1899
737 1858
1587 1776
1052 3014
776 1019
856 1578
1733 2461
64 760
98 3166
1385 2110
473 1543
205 2784
1832 2035
829 1682
171 1868
2722 2910
108 730
276 1126
1144 1406
387 979
94 835
485 2149
367 935
773 862
403 1177
181 2420
329 1043
1086 1992
928 1598
305 1907
812 1338
631 1782
42 436
787 1746
1530 1879
1300 1489
2003 2515
397 2592
1643 2462
917 2106
774 886
1772 2828
577 620
1019 3029
262 1982
769 1741
657 1443
1308 1911
48 1530
154 3121
996 1729
737 1387
612 1456
1206 1665
1795 2581
1379 2097
439 3016
656 706
670 1217
136 1980
857 1080
70 855
93 606
682 1917
160 1887
407 1790
451 2098
621 2533
263 1912
675 2034
1385 1810
136 2013
197 1418
168 1530
1357 1973
717 2215
968 3192
911 1490
868 949
373 929
71 1140
2834 2944
652 730
1282 1490
874 2725
575 1434
406 1372
136 465
570 1148
847 1704
991 1886
381 3256
243 1166
785 850
1736 1875
359 1398
739 1342
832 2731
77 546
1065 1807
1823 2000
341 681
486 1794
422 2277
528 827
274 1367
918 1197
870 1538
944 1229
936 2791
230 1169
848 1499
277 2529
623 1663
84 1328
860 1227
923 1265
401 3175
1210 2116
166 2530
1333 2186
1452 1482
130 2745
18 918
288 629
1598 3170
579 2034
1041 1741
2394 2857
1 522
2258 2479
83 234
349 413
563 1714
743 2001
1158 1744
244 1001
80 686
537 1423
1686 1707
523 3081
690 2194
755 2920
828 1028
1069 1331
1179 3029
402 663
635 1337
617 2869
552 691
1817 2671
1553 2641
94 2025
1775 1820
55 1770
102 1614
645 690
428 1222
377 869
124 1776
178 511
1032 1089
1660 2703
449 1978
733 1821
1887 1969
897 1678
1181 2540
1452 2721
699 2553
1633 2082
309 836
946 2076
431 715
997 1002
1500 2150
778 881
945 1445
1826 2703
1519 1554
1123 3129
475 1638
1636 2642
1319 3041
374 1738
900 1661
679 2083
427 1782
419 1507
1957 2026
1133 1268
474 1410
1289 1435
360 1206
2019 2321
678 809
767 1766
254 3211
394 1391
127 505
1093 2211
172 2300
1028 2120
12 324
990 1289
288 2466
555 2869
305 951
789 1158
1129 2182
345 2136
507 2321
303 1712
999 1084
277 666
274 716
154 434
2035 2920
2073 2465
609 2130
1651 3123
61 272
82 3116
502 888
855 892
1550 3267
792 1091
470 582
1218 2300
813 1847
870 881
398 784
813 2768
621 704
1743 2081
798 834
498 3009
1317 2141
350 757
1065 1500
1180 2892
1247 2386
880 2115
485 1263
1028 1216
502 1763
618 1877
483 967
1951 2677
1093 2553
123 2095
1604 2175
883 3123
791 1579
1058 1076
303 2861
1302 2003
364 1969
440 875
1980 2011
198 863
197 1803
700 791
61 1938
616 1394
937 1797
394 2137
705 1960
2 1420
316 607
747 2025
1280 1507
1354 1411
1169 1668
34 1386
1182 3105
320 384
1 1819
954 2679
750 1773
73 263
1253 1763
1216 2650
391 941
315 2585
705 2277
86 2866
746 1655
757 2051
1344 1864
62 248
568 1130
1455 2585
1054 2443
695 1010
541 1301
575 1673
551 1918
279 1674
1164 1822
655 862
2679 2971
18 1673
1189 3170
755 1198
29 1901
1094 1709
117 1090
161 1148
265 1797
1443 2215
162 1840
1846 2234
1711 2158
360 608
1732 2575
1744 3086
2540 2625
1244 2051
1679 2096
877 916
821 1870
524 773
757 2462
812 3094
816 1589
561 732
2442 2642
705 1506
150 657
1119 1978
1338 1599
588 1071
1044 1985
27 2546
416 648
1048 2009
327 2920
396 657
441 1376
105 833
1180 1491
1192 2669
270 798
2944 3187
6 1334
1325 1938
65 707
618 944
1639 2529
1425 3125
828 1240
79 2866
1870 2677
1423 1754
2034 3192
1302 2917
1776 2329
604 709
502 1019
851 2984
1090 2284
1750 3160
2208 2419
1230 1433
241 741
502 1153
376 2679
643 1659
501 1141
1063 1738
1242 3043
470 2099
1409 1922
27 1189
205 1957
2388 2648
116 699
1639 2119
2092 2214
2066 2421
955 1245
569 1076
306 2881
105 1585
1046 2658
157 237
2171 2851
1875 2237
1625 2766
347 556
1285 2658
170 927
180 638
132 214
2557 2678
495 606
1912 3094
725 1658
545 1870
396 2920
217 1685
223 764
532 1348
804 1235
96 786
494 507
1337 1682
762 885
644 1798
499 801
88 1211
593 1451
1194 2119
1953 2791
1386 1662
1870 2448
1877 2481
322 561
1113 2110
1243 1655
596 2137
542 676
275 2290
438 2745
1435 1884
736 1500
1020 1639
339 3218
112 1742
231 1107
1530 2510
83 1740
617 1395
33 404
834 1725
797 1819
566 2294
454 1291
562 1709
674 826
1268 1917
162 1398
469 667
421 2099
507 995
2116 3256
33 316
418 1038
46 2572
65 2448
994 1684
754 1094
1927 2261
1601 1940
2111 2586
720 2056
1239 1879
563 1350
353 995
1411 3145
954 3116
405 915
925 3022
708 850
268 1891
92 1277
1259 3292
1875 2098
1302 2479
44 202
295 1514
1865 2176
417 2944
1793 2073
984 1044
1623 1700
216 1381
858 1241
690 1042
27 91
1276 2530
535 1263
144 2792
1489 1579
1313 1888
1393 1917
1691 1950
161 1510
835 1552
331 2097
620 1987
388 2594
540 2124
79 2126
1683 2592
496 740
72 271
903 2341
137 1273
460 2037
737 823
179 1745
944 1952
982 2423
167 2740
915 2741
350 3236
540 2557
445 2895
1437 1884
746 1102
132 2560
653 675
137 582
283 1546
705 1418
712 1064
1825 2111
24 2814
1158 2037
1782 1907
359 1581
793 1585
747 962
1009 1442
21 2575
707 1821
152 734
445 561
368 1490
811 917
1436 2677
571 2026
47 1480
503 1828
219 1932
754 2464
1241 1923
2592 2811
445 479
220 398
181 512
889 2648
43 1515
361 716
900 1975
262 601
1980 2465
32 408
197 1508
656 2166
408 1840
763 1173
647 1728
1127 2706
848 960
1152 1825
1496 2575
1955 2071
927 1952
355 741
349 1116
493 873
1345 2495
364 1405
448 454
253 1773
1977 2462
1451 2677
121 553
90 2712
562 1194
945 1076
718 2380
1942 2864
164 1046
1245 2056
1020 2962
245 2768
469 2861
262 1525
805 2861
334 1652
964 2419
1104 1446
101 1823
810 3165
667 808
419 1500
1062 3235
509 905
1342 1676
666 849
28 1840
1681 2245
549 708
390 2671
537 960
589 1661
242 853
1394 1724
570 1059
1150 1940
1844 2462
742 818
659 1422
496 991
199 2881
327 2161
1825 2194
730 2708
494 1259
89 518
1965 2725
10 828
1546 2168
666 1170
783 3132
296 2361
1038 1222
758 1283
690 830
631 2800
169 3086
566 1867
1495 1975
2752 3094
747 2072
1377 2844
1249 1610
554 1618
1068 2866
556 607
1457 2745
635 2729
1421 3237
66 1285
906 3156
995 1039
212 2766
939 1257
413 739
1512 3081
719 2006
1087 1325
2075 3188
818 925
681 1534
108 694
228 465
85 1979
254 284
836 1969
554 1685
1737 3269
684 2162
723 740
559 902
1054 1716
578 1304
1376 2529
1673 2076
252 2417
832 841
2290 2775
365 2594
1345 2372
2113 3185
1421 1777
333 592
2013 2294
1245 1719
1001 3166
29 1089
62 182
436 1561
848 2479
1427 2170
353 2321
338 2401
155 1134
308 2172
102 1682
1325 1935
22 872
1435 1607
541 1208
276 1491
1189 2740
1010 1782
1423 2131
1194 2158
1623 2194
976 1890
843 2515
286 1821
227 1466
19 2579
233 842
680 2129
780 1271
160 1554
1810 2881
716 1127
18 138
621 2625
231 2813
1260 3206
476 2380
18 1714
571 1466
1499 1508
217 515
762 2107
224 1872
1664 1705
764 1161
233 1063
803 1471
175 610
416 2491
1027 1494
389 2168
1295 1680
1058 2053
174 945
1616 2284
830 1530
690 1130
591 2910
539 745
506 1759
524 3045
501 1094
1714 1820
351 368
325 1588
920 2054
250 1713
186 624
31 175
220 601
212 1902
249 314
1159 2647
453 1136
276 340
614 1500
2892 3123
842 1992
382 2151
303 477
627 814
1282 1381
1673 2184
1451 2277
410 519
80 1860
1788 2593
380 446
1374 1391
892 964
1640 2869
1170 1879
498 1583
1454 1490
539 1633
440 2140
15 912
1003 1115
949 3029
500 766
181 2026
2208 2560
180 803
735 1042
235 632
401 1549
683 1853
683 2074
1826 2510
2135 3263
1208 2007
296 1795
1341 2254
1616 1824
1956 2754
2858 2892
1629 2650
1171 1398
358 3187
594 1246
483 2792
104 1446
437 539
643 971
541 1509
682 2739
357 1233
1302 1435
110 2725
1579 2671
957 2652
20 820
532 2035
133 2464
1265 2703
79 1286
675 2112
324 3254
612 1867
243 938
1351 2052
11 1459
1069 2105
583 1882
812 1065
569 1686
1819 1944
613 1960
1192 2123
104 1679
826 1101
2647 2743
4 1555
151 826
403 432
112 147
188 1824
1442 2721
195 979
181 578
1201 1310
1741 2892
382 1069
41 830
1259 3210
546 2729
847 1411
1069 1097
985 1140
540 2100
868 2002
936 1434
1134 1490
42 1461
205 2077
577 1466
1280 2514
450 1561
128 2704
179 1628
881 2254
407 2420
367 1713
1219 1969
1004 2416
369 2011
50 1633
622 1440
1108 2059
413 1959
310 832
160 976
94 413
795 1860
1582 2593
856 1628
1421 2546
1817 1821
1303 3294
123 346
1426 1795
799 2625
577 1952
1144 2053
1383 2279
991 1725
104 451
951 1515
831 2200
508 1940
174 965
267 371
647 2928
490 1481
395 1539
196 2217
482 1651
863 1195
823 830
1027 1707
1956 2077
237 1096
1152 1292
1304 1956
137 1405
1259 1494
440 1137
793 1189
50 121
337 733
795 1377
22 609
792 1900
1637 2529
1363 2011
652 1092
822 1169
923 1532
1414 2054
1711 2752
1149 1435
2594 3256
941 2095
460 2648
1681 2294
197 427
24 517
794 3211
167 1825
142 1584
772 2044
88 1334
799 1515
130 835
736 1965
1819 2055
936 1358
1471 3235
299 919
337 2447
443 990
1861 2970
174 572
297 2151
738 2176
482 1027
1659 1781
1246 2060
2113 3184
1551 1920
1871 2740
1220 1287
296 2784
177 2098
89 420
439 2005
757 2864
763 1867
167 175
646 1770
347 658
230 960
364 2136
311 2866
283 3041
1160 2420
682 1750
604 3297
793 2466
379 1222
124 522
49 853
390 1063
939 2071
405 1669
1850 2130
1494 2768
587 1135
530 580
1840 2668
567 3192
1649 2095
9 978
1714 1890
439 2149
156 279
1515 2533
1538 2746
2407 2859
740 2386
11 1526
409 1479
750 1353
552 2834
950 1917
513 1321
534 1151
1985 2841
1599 1773
1246 2659
162 708
289 3253
443 876
1191 2291
16 1358
532 2075
2319 2417
99 2970
1002 1450
696 1227
60 1398
779 1551
15 1339
169 1000
815 1519
636 897
221 1309
2013 2983
120 2668
546 2364
653 1155
1466 1812
154 625
221 1555
11 844
1686 3256
1392 2466
1009 1632
540 2394
398 1877
1255 3292
1170 2082
93 1009
2402 3021
651 3129
587 612
625 1121
943 1471
2126 2669
1491 1829
374 798
315 2859
339 2025
1179 2700
1824 2062
677 874
667 3122
162 1721
1292 2059
21 1088
954 1115
438 1935
36 2841
351 1534
758 1958
188 673
25 185
1295 2361
756 851
903 1655
1529 2442
276 2416
111 2065
665 2169
491 975
1239 2866
48 1730
55 1066
291 1665
2319 2597
591 1253
521 569
1060 1919
194 748
2430 3042
509 1337
220 641
1266 2184
235 2479
31 477
347 2110
610 698
899 1148
918 2659
657 1226
1061 2283
1104 2483
113 1376
228 327
1956 2166
24 3009
341 1052
974 2081
424 1738
1391 2382
347 1920
1553 1886
280 2081
349 1110
1326 1741
748 1127
165 1661
128 842
36 940
1000 1922
1422 1455
719 1352
434 3259
1943 2136
66 1348
178 2005
390 1345
613 1722
197 2158
1393 2712
810 1623
646 1604
527 2362
1482 2176
952 1132
1555 2526
10 2856
652 717
952 1015
751 2161
355 1256
520 1337
605 1198
1242 1899
193 750
1302 1393
1899 2050
1188 1930
1440 2639
479 1810
201 318
2003 2077
747 792
14 1917
330 3005
1236 2706
1750 2722
57 530
1383 1828
1359 1852
263 1902
872 1877
936 3192
1381 1898
41 1643
1488 1545
165 817
658 1329
1748 1774
1083 1388
119 304
384 1465
603 1450
1900 2013
384 841
338 1841
902 996
394 1685
1224 2329
716 1148
1680 1978
780 2019
592 672
486 1788
1658 3141
437 1895
429 871
2245 2388
755 1428
1142 1413
59 3209
1304 1832
1204 1499
1116 1852
291 3170
817 1550
1007 2234
1739 1874
381 2920
132 1495
803 1644
923 1227
970 1635
2 1146
2 2056
40 793
124 1437
1441 1872
354 2162
424 1749
2731 3267
386 744
414 926
336 951
717 2042
364 760
1433 1569
740 2161
1553 2372
597 1436
790 1192
393 2481
1173 1944
138 1913
849 1892
114 542
792 1397
451 1051
572 2840
105 1091
1923 2158
398 704
936 1338
2050 2593
443 1231
592 3079
31 359
315 1587
286 859
1312 2194
867 2650
961 1793
504 2457
588 1192
2243 3009
601 622
32 1735
762 1901
648 1555
740 2421
294 3236
1592 2074
1864 3108
35 3209
126 970
1142 3122
23 547
234 2071
820 1615
1843 2928
1329 1754
547 1069
210 1669
230 1529
174 2027
885 1992
517 965
2012 2586
463 1002
248 1022
379 1405
511 711
924 1907
641 936
2488 3042
662 2995
1904 2986
1495 2170
327 411
1773 2987
403 3267
1254 1471
978 2652
969 1294
612 1949
457 622
329 1952
1301 1870
928 1333
88 2892
603 1620
477 942
1384 2639
2032 2174
1133 1670
1333 2072
780 1628
780 1241
128 711
91 2388
1395 1471
1874 2652
528 2033
324 2141
365 2093
26 676
1259 2827
970 1228
635 797
1145 2859
259 1118
658 709
383 821
379 2084
772 1705
412 1296
853 1169
1117 1224
243 2174
490 996
1393 2024
785 837
724 1729
932 3210
147 1083
933 3210
1455 1501
1919 2725
545 1795
272 2980
348 2279
234 1771
1354 1388
968 1351
873 1854
1300 3005
1280 1442
1133 1287
638 863
754 1319
921 1489
1317 1587
251 494
400 1817
285 1327
1206 1763
441 521
709 881
1464 1884
439 3049
528 1623
923 2211
182 271
946 1129
18 2132
1228 1782
534 2668
30 2112
1387 2060
1509 3026
331 1044
696 1591
1218 2641
572 1652
823 1500
1278 2007
1874 3184
916 1142
327 865
1138 1490
1546 2111
952 2044
1011 1620
25 1629
932 1235
822 2096
400 1096
323 559
1957 2085
809 905
710 3294
1040 1433
828 1903
663 1851
1453 2098
369 3304
966 1881
966 2421
254 3267
763 1352
1093 2746
275 1083
35 2430
950 1705
797 1280
2003 2865
286 753
1256 1321
443 2099
80 767
1265 2283
181 950
140 1902
794 1173
346 1363
1013 1247
68 2532
645 1896
84 2321
47 2625
1507 2048
774 1938
266 377
1331 2466
1239 1867
788 3022
737 2124
802 836
101 818
120 2852
626 704
326 701
234 1741
510 1942
1031 2009
1298 1736
411 2732
573 1127
33 1043
894 1872
1230 1772
755 1455
806 2487
1956 2828
571 1064
393 1355
107 366
63 1758
132 1051
128 2640
698 1754
421 1871
1659 1958
395 1616
924 1129
705 1604
268 2319
178 304
360 849
826 1372
960 1062
88 2010
1729 1741
1273 1459
836 997
1662 3009
99 241
86 1490
666 673
1569 2110
45 215
2119 2284
915 1820
77 584
1142 2284
514 1251
551 752
284 1366
714 2995
196 1898
736 872
298 1059
1151 3014
239 1730
575 1233
73 3236
60 2382
436 1572
274 2019
701 2066
2160 2671
1550 2712
905 1197
924 1086
2173 2175
1736 1934
276 1546
139 2553
360 460
941 2793
2277 3210
502 1700
825 1256
308 695
567 748
51 1873
222 411
1509 3187
1002 1192
1 1080
505 1295
1650 2050
419 807
1372 1581
210 313
2111 2290
228 1479
1199 1442
375 1398
167 308
929 1884
821 2380
1011 1192
14 922
773 1951
126 1600
975 3175
1592 1958
1310 3268
451 733
40 2100
475 1860
319 1705
1371 3016
1251 1276
2540 3302
389 2004
1405 1745
468 964
650 2928
1250 1616
681 903
1042 1987
1292 1632
753 1822
47 562
919 1789
1462 1872
1623 2037
1069 1623
352 636
765 1829
175 587
416 2962
194 1319
1861 2176
195 1220
2211 3094
848 863
920 971
1149 2962
165 453
359 1867
1144 2115
762 820
849 1574
554 1525
980 2698
1475 1918
194 350
1440 1650
651 2094
63 1661
1370 2078
903 2594
1048 2408
677 1762
568 2194
381 1144
437 1406
1186 1765
194 2012
551 876
328 826
25 2491
41 409
406 822
1745 2731
411 822
2076 3108
496 946
348 3122
599 2395
178 209
1151 2950
1421 1572
987 1613
14 740
62 170
38 2703
1094 2037
154 1585
398 3253
359 2706
801 3263
353 517
6 1943
601 648
1079 1554
1150 1340
23 589
1649 1812
1351 1397
415 581
122 281
1454 2084
814 1257
602 818
805 2409
327 625
211 2597
593 1384
790 1232
939 3021
383 2678
549 1388
650 739
210 2279
1583 1587
1288 2182
522 2950
573 1407
227 2671
1247 2793
418 2284
278 1303
1354 1605
950 1393
356 601
450 595
502 1722
931 2813
2400 3159
367 1124
1633 1727
381 870
1137 3273
451 1891
366 454
221 2851
89 2551
23 684
514 1920
210 424
48 1125
1665 2050
516 617
379 732
1466 2176
485 2917
406 899
993 1276
146 2032
1361 1858
313 2995
307 1739
2754 2800
2398 2881
817 1688
1649 1982
2510 2925
1216 1895
753 927
383 1888
1263 2487
77 894
1534 1958
1882 2892
1685 2051
1097 2365
1445 1803
920 1658
979 2859
252 684
678 1185
316 1772
220 1074
377 1394
1508 1766
506 864
57 431
805 2491
834 2869
188 1898
528 2669
381 406
513 2841
2146 3125
1825 1955
1089 3209
561 3209
229 1561
1059 1197
163 1600
357 616
1139 2721
535 1110
333 1790
460 1199
162 810
800 1414
1475 2791
443 590
847 2055
1229 1263
2160 2841
1715 3184
698 1257
497 1264
1081 2352
2078 2856
494 1434
295 1134
1002 1707
931 1164
812 1181
340 2317
338 2988
420 997
491 1867
647 995
134 2594
1207 1273
486 1532
405 1155
744 1871
23 365
309 1727
55 1985
394 1365
2158 3016
1176 2062
2082 2094
1970 2944
1461 2869
870 1313
230 1420
898 2169
1440 1647
942 2526
53 1867
1104 1623
705 3118
1553 2491
133 1232
576 1059
298 406
791 3235
2706 3007
367 2840
1767 2081
917 1358
906 1958
249 384
193 2048
1182 1194
1465 3160
1002 2112
593 2167
587 737
709 851
999 1292
84 719
184 2986
682 819
969 1950
739 2260
267 1117
151 3081
741 846
909 2129
809 1669
9 2579
604 925
424 593
1289 1578
137 776
933 1230
161 1022
773 1458
915 3104
765 2116
5 434
28 2435
328 560
201 421
631 1822
856 2362
198 1765
898 1746
1443 2586
436 534
872 902
478 1229
618 3007
566 2111
1815 2267
1873 2699
631 1185
436 2895
1616 2795
323 1247
280 3235
373 2731
557 612
128 1082
262 980
1391 3009
833 1817
703 1192
1475 2655
1160 2200
1285 2642
193 1688
1421 2146
356 2984
945 3009
94 1410
1141 1414
1543 3294
482 2132
199 2277
565 703
1397 2077
720 1334
50 164
461 3042
2167 2461
975 3094
1782 2104
1371 1767
847 1354
1968 2988
618 2002
849 2401
723 1955
1552 1875
2083 2551
1237 2814
148 244
1065 1550
61 152
688 1189
37 1434
1864 1959
550 2768
2194 2592
139 2388
542 656
14 1951
641 2593
343 969
905 1590
446 3081
1129 2796
887 1367
1884 2338
2526 2793
1215 1224
1569 2442
517 1092
304 1322
186 461
1425 2572
228 2553
528 802
1189 2175
278 554
1289 2585
1263 2846
411 1454
569 2345
1588 1712
1242 2034
305 606
580 2382
157 1859
630 2136
1357 1940
292 1458
542 1685
956 2203
17 102
1047 2060
1982 2394
287 1926
1237 2321
742 1551
449 1011
1599 3306
1554 2594
713 1106
402 1896
773 1777
1129 1722
713 840
1196 2001
110 455
1778 3267
438 1206
438 2495
232 2977
1263 2668
85 2981
916 1529
674 1139
545 1285
1385 1997
682 2049
506 870
1763 1873
433 1381
514 2766
1138 2698
128 1686
143 1826
859 1950
1461 3160
371 1288
435 562
149 2104
1125 1315
1098 1443
1434 3014
860 1544
253 514
462 1338
600 1891
1107 2861
1387 2703
498 661
668 1229
474 683
377 1515
1402 3170
44 1480
300 1725
621 903
549 3218
279 2243
793 1342
2465 2774
643 674
15 562
689 3287
743 1722
1986 2049
670 1587
941 1765
737 1290
706 1181
943 2687
1854 2625
587 1660
142 2094
498 711
2732 2988
1030 1627
534 2283
183 3010
528 2678
1546 1730
710 1340
2028 2214
1555 2430
1232 1805
484 2400
574 2002
2294 3304
530 1270
1112 1656
573 3122
388 2122
385 988
170 255
1437 2698
396 2594
1071 1942
1208 2135
424 1923
1351 1706
925 1315
2407 2448
1138 2488
1636 2840
15 1412
2214 2402
106 263
997 2510
599 2032
320 1349
46 1881
2553 3026
612 2811
255 470
509 795
136 1066
429 3275
1290 1493
268 1719
1255 2074
76 2200
666 2076
652 1125
1217 1456
944 3123
305 707
1605 2648
2706 2864
1529 1635
629 828
667 1000
734 960
1285 1946
1432 2857
9 1591
33 211
1225 1436
968 1797
1141 1266
338 874
817 1752
1319 3156
1340 1510
161 1886
63 922
2134 2840
134 1859
1182 2766
1615 1966
978 1728
1509 2861
273 1211
2448 2866
588 1819
1044 3154
451 3187
682 1872
728 2421
1442 2122
1132 2495
918 1323
535 2082
368 1131
2 272
255 1805
368 504
418 781
783 1308
1446 1471
384 934
1334 3269
1248 3154
1996 2962
1716 1739
1022 2173
330 1158
208 1137
941 1248
210 1149
366 871
46 2222
1532 2084
1676 2382
2364 2625
807 2793
423 2340
669 1975
1398 1516
2533 2984
1840 3269
1264 1686
433 800
1028 2397
1890 3167
981 1802
301 1041
2082 2988
24 1123
