2223 2446
1007 2446
1726 2427
2318 2427
1568 2606
1206 1757
32 495
137 1120
774 1511
1597 1970
124 841
733 2067
263 464
469 2635
68 2040
873 1812
487 1607
778 2433
1976 2192
43 1922
173 2390
2270 2386
1333 2351
116 1423
383 2601
1781 2484
979 1208
2061 2607
232 2393
1336 2370
882 1938
1097 1279
639 2434
778 1843
47 2040
684 1839
2243 2469
1230 2571
1911 1955
70 1212
1739 1753
1377 1675
1432 2539
1782 2262
1409 2104
23 569
936 1800
1698 2486
211 2341
13 1408
315 1984
2364 2446
346 1191
2229 2625
1050 1901
468 2519
44 2345
696 2583
584 673
1784 2382
234 2160
1764 2018
199 512
336 2507
282 634
870 2271
1551 1926
291 2126
734 904
841 2439
699 2477
2070 2074
38 827
1292 1303
1316 2326
37 809
360 1414
1663 2471
1794 2230
270 2618
78 191
258 1421
165 1908
827 1408
447 2567
1815 2158
221 1268
111 1996
739 2259
377 2130
1302 1885
531 2217
1333 1736
999 1438
2029 2566
256 1003
719 1855
941 1520
1317 1546
860 927
1538 1725
126 1341
222 965
458 1420
413 2096
1076 2034
436 1084
1194 1817
1005 1414
2068 2438
178 212
1186 1291
830 1246
1087 1688
75 1720
753 2085
1777 2642
956 1623
512 2536
559 2484
1333 2022
285 476
1306 1551
1191 1992
338 1840
1302 1987
1461 1477
1002 1611
533 2517
93 427
1342 1422
532 1611
1033 2301
511 2589
2085 2316
858 1249
1073 1743
777 1382
1181 1958
297 1549
1003 2424
1935 2236
1418 2446
443 2362
864 1285
555 831
26 1536
713 1172
54 1452
79 145
983 1896
245 833
125 992
1545 2112
105 1101
1612 2072
108 2608
751 2557
2170 2541
616 1689
107 995
939 1032
2395 2508
1077 1273
523 2481
50 102
247 1858
66 343
158 2570
272 1421
1219 1903
290 2295
714 1235
401 1553
325 1588
908 2569
500 893
1176 2148
1391 1472
1671 1705
444 971
1290 1822
81 1637
133 2680
1738 2625
312 1793
1325 1801
478 1249
1227 2556
1025 1814
686 2525
1194 1724
1114 1568
394 993
564 1572
1629 2688
65 727
307 1690
795 1059
892 1560
184 961
1220 2500
1201 2419
959 1279
255 2612
427 2419
1830 2667
2408 2663
17 228
1896 2187
127 2204
1946 2656
1478 2212
221 857
242 1782
692 992
316 2508
5 259
926 1788
733 2018
446 1781
1106 1841
52 1224
1110 2647
228 1097
2167 2475
90 2417
769 2505
140 1785
926 1202
1162 2067
914 1151
700 1035
1291 1889
2353 2522
1035 1199
328 373
1005 1914
805 2472
25 1270
1237 2489
1597 1653
741 2490
1500 1986
26 61
841 2613
1294 2141
226 560
1494 2546
861 1050
466 2676
212 1399
1119 2689
1514 2166
2158 2579
630 2230
1584 1646
1550 2068
777 2147
401 750
1795 2231
1907 1925
1885 2455
2060 2679
338 1221
1418 1546
73 1567
186 2078
1338 2105
891 2557
363 586
796 1980
1809 2503
3 654
1052 1534
2044 2468
453 2084
1331 1866
274 1740
33 186
553 1103
466 2680
353 2052
1233 2355
605 2023
1914 2348
135 176
1164 2499
859 909
560 1460
1364 1403
219 1895
628 2098
1281 2408
2049 2432
1928 2604
507 640
660 1135
723 1475
349 1843
115 1893
961 2651
1141 1812
711 998
349 978
1238 2578
33 2598
361 2463
553 1308
661 1460
157 523
432 1860
346 2297
382 961
17 768
1338 2683
497 1936
127 1102
391 1570
1052 2239
1532 2453
2041 2274
427 2555
957 2328
748 1730
249 2358
287 2472
1303 1718
515 1639
2041 2068
668 1344
2210 2251
1616 1653
1328 1654
597 1168
1337 1561
326 2320
641 2420
1078 2363
1138 2188
1453 1749
619 2284
1417 1702
1228 1406
1041 1281
304 1412
845 2587
378 752
176 2629
578 851
1000 2651
1940 2497
978 1498
58 1434
2081 2481
208 403
1205 1597
835 1280
302 359
1867 2448
2268 2292
297 416
982 2045
247 605
268 2044
1668 2317
1212 2502
1227 1337
1225 1264
19 1110
307 1885
220 1164
697 2103
663 2317
67 778
549 2423
57 218
1536 2295
1363 2678
78 104
1345 1395
52 557
616 1922
1417 2608
72 2256
491 2557
499 2047
575 1119
637 2337
1045 1258
1363 1977
592 1697
2485 2634
18 1000
728 2474
120 2182
350 554
1187 2672
735 1203
1494 2043
888 2221
2536 2659
1972 2297
125 1881
920 1466
1652 2688
1711 2258
1776 2044
861 1246
1538 1796
79 2561
213 218
218 1333
756 1248
2647 2659
1124 2331
110 2704
1 2147
900 1259
684 2072
2365 2586
16 1578
1553 1617
1127 1280
1457 2474
45 1241
449 1304
1094 2580
369 991
832 1829
739 1548
829 907
632 1393
760 1472
522 1564
161 1357
281 538
560 597
1151 1525
65 207
1028 2617
1532 1749
863 1823
579 1352
15 2651
665 740
742 1582
1228 1937
363 1500
305 1255
399 1623
826 1292
2187 2235
902 2040
243 2288
1788 2583
990 1241
139 848
512 1549
573 1952
200 1572
70 91
59 1364
1026 1622
543 1869
1337 2654
758 1769
413 1312
387 1263
1132 1362
56 1677
349 748
1301 1907
187 904
916 2523
145 1333
1116 1844
343 675
767 852
734 2643
1670 2510
1561 2353
22 1828
719 1319
466 780
1239 1248
1279 2527
1034 2579
853 1946
919 971
1367 2174
631 2084
104 470
332 1246
842 1529
656 2336
51 837
793 1101
1061 1271
267 1216
1742 1860
693 2499
475 1898
1887 2549
953 2475
11 2655
818 873
202 277
45 1658
208 1354
1238 1323
1250 1428
1016 2044
762 1333
1136 2386
1586 1655
1693 2682
215 1947
1628 1707
658 741
1787 2268
1617 1797
2484 2695
1726 1782
1027 2193
913 1624
242 1325
1283 1863
1352 1627
186 1445
312 1156
1366 2116
979 2207
85 1917
297 1732
1192 1631
650 1669
475 969
131 1612
452 1005
314 1804
1492 1733
938 2185
584 2019
164 1703
845 2690
444 2335
852 998
2056 2252
585 662
1688 2094
779 1509
838 2249
1346 1884
685 1318
1561 2399
1367 2380
534 2077
559 1270
1122 1317
112 1848
307 1248
25 394
675 1059
202 2311
118 2562
1244 2039
1061 2667
1395 2273
630 1605
1288 2374
2111 2139
554 1136
1967 2386
1353 1800
894 1847
1385 1476
559 1188
1354 1972
263 1447
1802 2173
582 1447
458 713
2172 2480
558 817
2432 2569
682 2487
818 1193
768 2521
2394 2572
1176 1842
169 2559
1436 2341
256 950
511 1701
1870 2325
2303 2416
402 1065
977 1081
884 1286
1139 1259
556 1978
719 1005
2051 2370
1155 1259
950 2637
201 1431
1360 1618
1261 1676
1430 2628
394 1621
665 2497
2216 2460
1062 1256
230 1186
125 1255
1079 2226
634 638
817 1476
153 2444
575 2275
939 2093
34 1143
932 1093
43 1362
119 2565
388 1855
412 2704
1482 1582
309 1055
26 1256
1272 2114
53 210
659 715
405 2516
1110 2440
459 918
459 667
878 1269
525 2575
558 1378
1331 1467
106 576
923 2674
151 1445
967 2280
993 2331
329 2054
1008 1190
745 912
206 2115
536 711
248 1672
13 1656
456 643
649 1104
1511 2092
2240 2297
1634 2521
966 1214
801 1987
1557 1924
1698 1731
318 2608
972 2044
2221 2589
2481 2571
136 2134
2099 2256
724 935
83 190
871 1037
678 2676
1555 2507
1757 1938
776 1993
187 2631
1259 1655
2199 2665
144 1468
33 2647
579 2127
821 1209
575 2255
607 2344
473 2670
1769 1940
1193 2544
330 1480
117 442
792 1572
727 1024
636 737
473 652
1725 2009
404 1284
1619 2166
1619 2187
133 1454
1470 2679
1267 2561
995 1366
2219 2577
784 1625
742 1764
2379 2577
917 2611
1051 2361
431 784
13 382
1718 2696
871 917
837 946
1376 2162
751 1092
1420 2166
1327 2406
2575 2596
274 2479
2485 2686
669 2312
478 1389
841 1563
1292 1882
1290 1406
2069 2639
1203 1671
874 1817
1734 2066
1697 1797
589 2657
838 1603
1876 2288
1467 2301
1725 2182
568 2268
191 578
1246 1515
1260 1817
361 1445
574 2255
1334 1987
1184 2175
276 1227
626 2226
1371 1680
257 1725
416 2544
403 627
1343 2339
1312 2255
525 2678
766 2285
1126 2637
432 1067
866 1235
2389 2578
1861 2238
853 1302
619 2268
50 95
1479 1536
269 809
459 1685
481 2438
762 1530
1474 1831
579 1314
832 1677
945 1665
596 833
1079 1260
362 1312
998 2345
282 734
108 1455
1941 2374
1271 2554
163 2468
332 1861
112 549
2306 2317
1926 2389
201 988
454 1540
829 1587
1052 2044
1464 2269
824 1690
369 765
1382 2082
964 1333
1419 2335
964 2241
592 2050
518 2538
425 2560
390 1326
1136 2522
261 1200
1224 2594
2409 2527
607 2277
214 503
4 446
106 1189
183 1385
832 2080
826 1007
520 2069
2160 2467
180 2561
547 923
624 1017
1226 1555
1251 2036
441 1958
562 890
1300 1636
1454 2103
472 2261
440 834
1565 2474
2609 2629
552 2664
515 1272
1934 2397
122 885
738 1093
305 2108
190 1948
1242 1352
923 2022
170 218
11 1051
1471 1697
815 2236
666 2696
808 1421
707 2612
281 2375
573 1558
955 2253
766 1773
988 2525
1305 1422
1196 2392
1631 1941
1276 2088
1970 2134
1339 1666
1628 1942
520 1509
1811 1825
1268 2059
1965 2253
1977 2382
2460 2597
670 1865
538 1168
701 1551
1699 2126
466 718
1287 2533
607 2678
178 2202
1783 2125
840 1275
181 2176
2415 2660
1173 1561
2039 2269
1511 2023
108 888
690 1209
373 1994
1251 2024
163 1047
202 293
1457 2205
1301 2459
579 1162
2517 2586
121 874
1477 1482
723 2433
1826 2371
7 1659
626 769
1004 2505
1520 1523
207 538
1667 2554
146 900
840 1993
1068 1992
403 827
21 2377
551 1622
485 1359
1966 1983
2300 2626
649 769
418 1269
428 700
293 1246
1804 2044
980 2139
740 881
198 1891
109 113
301 2446
527 779
1576 1808
143 2656
669 2303
698 2357
76 1643
2415 2457
419 2435
882 1825
510 2551
496 743
1946 2094
165 2270
1104 2187
354 474
852 2114
275 533
665 877
292 700
43 1063
207 686
18 677
661 1006
952 2619
1901 2255
657 1381
1048 1326
1429 2054
1658 2086
189 1027
1725 1877
961 1637
902 2188
1059 1557
120 480
2216 2315
556 1316
878 2024
1628 1871
717 1971
33 961
230 1512
1139 1637
767 1785
1441 2582
451 1849
1041 2204
206 1772
36 2671
1269 1781
275 1640
78 2501
1796 1824
1538 1763
180 1942
1463 1937
1183 1764
1370 1685
1918 2530
1489 1724
1662 2288
687 1679
331 416
876 1869
1395 1538
553 1501
1087 2656
1842 2429
13 694
96 2378
798 1604
141 1537
1293 1386
605 2020
1227 2021
617 906
337 2019
480 715
785 1126
218 2441
178 1704
91 176
1720 2367
2210 2232
277 1716
431 2600
938 1377
1756 2329
699 2247
1521 2595
603 1360
1298 1656
1800 2393
899 1098
933 2284
1476 1536
545 2673
1675 1802
104 2277
332 2224
1059 2446
402 2372
416 1622
21 1581
514 2083
944 2676
7 440
689 2434
432 1479
1138 2343
1059 2400
822 1261
111 723
754 1623
1811 2706
1905 2397
1315 1967
1669 2406
773 1300
1099 1732
645 1573
569 1274
824 2488
1626 2469
1118 2368
1550 1616
2566 2654
1082 2261
120 1012
1511 1772
1132 1455
563 2586
889 2599
1262 2336
718 2417
239 794
1105 2514
264 894
836 1066
486 2199
1418 1656
1341 1460
1545 2503
553 623
2124 2249
1648 2321
2041 2526
2003 2081
244 571
340 1137
821 2220
1703 2352
457 581
1070 1749
1305 1838
906 1059
426 2228
207 2282
969 2555
27 1758
646 811
2276 2611
1228 2688
399 1511
1337 2126
486 722
233 2360
439 555
998 1838
1103 1525
673 1272
2298 2642
971 1074
1195 2424
1339 2313
1418 1563
364 1009
1092 1709
1339 1514
344 436
1627 1897
604 819
113 471
2081 2456
331 1017
1035 2054
114 1884
1892 2321
2142 2271
79 1717
1408 1851
2028 2356
1003 1184
1118 2536
2232 2419
635 1959
767 2165
868 2204
976 1539
401 1345
1699 2670
46 546
669 1123
559 2129
2004 2217
754 2477
1800 2429
312 1729
515 601
181 1417
932 2449
1164 1479
719 1451
112 2108
1596 2363
650 2389
1158 1494
1908 2433
52 1468
1117 2642
676 1756
1988 2473
1475 2607
507 1947
731 1282
165 2575
795 2444
439 1642
1730 1941
329 1097
809 2365
377 698
956 2539
1832 2676
1387 1876
322 951
791 1085
1546 2444
1069 2629
656 886
1601 2026
2034 2232
622 1958
1322 1596
50 1757
713 2592
100 500
126 1749
2055 2410
534 1328
105 1469
1863 1991
2209 2226
1363 1457
842 2254
1183 2589
720 1390
122 1352
720 857
1054 2066
1310 1797
306 359
421 2057
72 1967
525 578
190 1241
905 929
563 1192
1030 2062
753 1687
1077 1094
964 1993
676 2558
2296 2580
1314 2409
1847 2629
421 428
886 1496
492 1611
1058 1792
335 671
595 2386
755 1614
453 880
1986 2540
1023 1364
55 2360
27 1153
121 984
251 1046
936 2390
74 2431
2 1696
229 2132
1276 2032
1402 2457
1073 1331
1801 2458
1319 1609
1284 1808
1406 1649
29 824
137 2146
989 1377
1536 2686
1556 2060
812 904
1212 2370
398 2295
912 1290
181 2548
1784 2575
1141 2684
2234 2595
959 1626
930 1280
1133 1374
418 1660
1718 2689
515 664
773 1038
1386 1908
279 2430
132 440
1703 2134
1321 1915
1216 2211
1833 2252
377 2526
1996 2313
961 1238
531 743
1219 2484
276 2480
58 253
876 2473
466 1306
555 1876
354 2642
542 2584
952 2466
2229 2266
1251 1375
680 2318
398 2181
2291 2499
510 1811
689 2303
70 1860
1125 2479
28 626
630 1140
1540 1894
194 695
666 944
192 1557
1168 2338
572 1158
503 1618
2276 2582
316 392
1540 1773
249 1133
1153 2011
296 2317
407 1852
996 1186
343 2131
1364 1479
1057 1182
215 2357
1942 2572
867 1355
1386 2479
175 1134
301 1707
68 1233
2085 2455
997 1383
632 1506
1669 2283
78 1211
173 1356
523 1887
33 2349
623 2153
889 1118
1217 2140
187 1829
1235 2422
992 1344
611 1339
85 2184
84 1622
244 1968
833 1160
2180 2247
413 995
230 323
1603 1985
357 2463
854 1600
201 1036
368 491
925 2644
589 2211
103 2278
715 2171
900 2203
1292 2612
1996 2594
898 2406
27 1926
1466 2245
1210 1410
1037 2327
337 1553
93 2556
616 1454
777 1011
1162 1530
235 841
1703 2620
1429 1455
343 1618
37 1211
1387 2357
1567 2029
27 2382
2328 2596
1814 1854
2112 2444
358 912
556 726
966 2462
1620 1918
437 2364
2418 2644
533 1513
1700 1810
1290 2321
1212 1503
1705 2693
129 1761
351 1952
1881 2151
1460 2031
1195 1873
581 863
1443 2001
2307 2390
764 982
370 1367
407 2526
399 2141
1345 2413
1019 1636
101 206
510 1201
712 2583
846 1655
236 1585
594 1116
967 1382
1828 2540
98 204
336 957
621 1213
1466 1994
64 539
1573 2253
106 2690
684 1208
189 1787
16 2424
1691 1893
95 396
1420 1984
1434 2423
420 2706
919 1360
25 204
78 1092
29 1716
983 1577
844 2564
334 1010
2171 2198
777 1706
1324 2174
612 1557
495 1881
685 2227
30 2652
468 1260
381 2589
2542 2557
25 121
518 2304
8 2443
1412 2132
1086 1762
1824 2026
1177 2516
114 2548
364 657
1146 2313
1284 2163
1614 2080
1292 2381
1319 2466
464 569
272 2193
1399 1608
199 1303
1738 1897
569 1389
4 1013
2328 2517
489 2676
1469 1625
592 2433
1189 2475
977 1638
1003 1211
1266 2047
98 1572
1285 1541
448 1723
1290 2494
356 2362
394 873
1124 1857
1492 2457
286 2592
158 1123
1793 2016
1757 2579
1608 2052
2002 2356
119 1420
7 54
1046 1684
807 1305
1262 1485
2408 2630
397 2614
749 2392
274 1767
813 1329
1466 2571
931 942
1798 2167
503 1624
280 1607
1897 2670
2261 2690
539 2180
2329 2440
610 2160
1055 1232
455 2558
457 482
766 1363
641 1081
63 1742
1336 1854
207 1052
518 535
1321 2131
1800 2056
23 1975
1124 1448
111 2596
1130 1142
578 1434
516 1119
589 1713
154 2308
327 2445
443 1714
1571 2086
804 1730
32 813
1944 2431
102 1479
1540 1741
461 2207
1668 1795
430 2409
4 937
933 2459
1297 2686
243 1370
1369 2664
888 982
68 825
1579 1657
729 2332
1761 1789
2047 2172
2215 2522
2138 2241
1668 1794
223 1414
996 1608
426 2312
584 1729
1485 2205
333 555
669 1450
836 1110
780 2321
586 1232
2134 2456
904 2491
1980 2154
153 885
1253 2374
218 1565
45 1796
30 2421
1717 2459
1609 1838
272 678
1777 1840
164 448
782 2038
394 2705
1384 2294
1746 2369
1106 1852
1960 1966
735 1786
1135 1319
1532 2474
1784 2154
542 2298
909 1013
295 995
2117 2475
953 1201
961 2318
293 1025
742 1734
70 173
875 2085
2022 2601
1860 2171
387 1028
534 1389
2505 2681
741 2305
458 2031
183 705
1314 1583
249 1298
840 2036
408 1732
1037 2034
1530 2689
407 2070
1155 1339
284 2354
43 2293
467 1072
686 1554
809 2532
238 2450
905 1775
952 1666
1854 2365
33 490
397 1823
212 1179
1312 1685
1970 2541
682 843
1738 2695
1365 2401
331 503
192 271
793 1667
2411 2443
864 1617
538 2697
257 1429
1195 2127
1040 1068
257 785
938 1005
1217 1389
424 2138
1687 2616
889 1588
356 2413
893 1893
1565 2567
712 2202
1465 2398
369 2133
2467 2680
309 2499
587 1935
205 2469
194 436
1105 1845
254 2337
132 1703
1 1267
1002 2363
2004 2073
566 2282
1876 2682
2139 2417
1072 1345
1712 2575
732 1070
1063 1365
214 2423
1659 2258
669 2284
2560 2647
1607 2125
338 998
997 1083
66 407
144 644
549 1394
128 1312
1333 2288
749 2676
775 1360
333 2199
568 1316
837 1280
2089 2511
768 1242
979 2260
1857 2372
1202 2651
465 592
39 959
547 2165
200 2211
21 1559
1083 2032
1268 2618
775 2142
1349 2689
1073 1536
1509 2556
423 2485
154 2014
791 1409
695 1046
649 1358
56 209
465 2405
657 2002
1107 2013
1906 2288
933 1180
1371 2649
1125 1182
65 1539
1194 1411
1515 1716
170 1843
172 364
437 912
907 956
1092 1137
230 2054
388 1483
475 1393
1215 2274
565 830
761 2208
2098 2099
316 1395
1060 2291
903 1632
1009 2246
2234 2370
1430 2250
1467 2297
1567 2257
176 1575
2165 2593
1290 1546
403 2452
794 1565
1020 1545
326 1478
623 1186
906 911
1831 2139
1983 2576
1933 2532
560 2463
2252 2648
2142 2499
191 1327
1433 2617
777 1094
108 1591
847 2424
446 527
976 1617
773 907
1163 2617
190 2454
2182 2389
1016 1099
1866 2345
403 1159
1100 1342
103 2308
416 1475
1127 1651
1996 2221
963 2367
546 987
675 1590
417 2194
1361 2700
1882 2571
971 2549
481 2456
1910 2043
1327 1554
26 319
953 2527
1163 2283
1003 1566
84 377
1867 2029
917 1513
1536 1817
1061 2619
2252 2664
35 2657
309 639
1395 2053
1991 2383
44 1325
1084 2567
1379 2686
1584 1792
34 720
266 1059
1110 2558
70 1458
574 2547
1544 2647
1147 2202
63 2303
1300 1628
74 1080
254 2316
425 1403
284 1543
544 2696
1499 1768
296 2581
828 1046
935 1915
136 2250
750 1779
322 2636
1564 2029
63 1662
1738 2593
1299 1513
1124 2030
319 910
441 1383
536 2003
2 2239
414 2304
967 2023
1449 1709
516 2427
344 2178
1976 2334
140 2099
1053 1959
156 2489
267 1641
85 1009
1667 2382
1166 1605
187 2013
748 997
287 1665
400 1433
114 2051
924 1945
873 1042
845 2031
145 1226
252 2689
479 1118
1315 1332
1905 2677
465 868
540 1084
353 1980
884 1856
1063 1314
351 2380
462 2055
130 1339
519 1858
518 2061
1557 1835
1003 1543
1685 2530
695 2212
932 1250
178 1435
59 2022
1379 1537
289 739
248 1958
669 1862
148 1266
233 332
744 1341
1821 2282
763 2285
1060 2235
678 2319
138 987
2170 2305
1285 2395
2161 2192
816 1657
784 2159
1330 2066
992 1901
140 723
621 2688
676 1777
1072 2080
1044 2012
133 2270
414 1176
1015 2353
56 1870
830 1825
441 2694
43 1719
857 1203
61 1985
72 1863
1775 1794
992 1463
474 782
917 1107
1114 1787
1650 2209
1585 2335
1278 2280
988 1305
800 2646
633 717
43 1706
609 2281
173 1352
634 1551
1242 1470
646 1173
964 2380
838 1419
172 2450
1439 2210
1261 2616
154 474
941 1451
1896 2222
858 2060
1466 1928
675 1556
1106 2605
1335 1690
228 2390
50 126
510 2497
818 1919
792 1836
1718 1785
328 2067
1213 1215
1460 1754
105 2503
1116 1701
202 1312
630 2642
1397 2464
101 542
1464 1707
571 2227
522 2661
1795 2032
2132 2658
88 910
738 1863
2132 2232
1008 1675
1262 2606
157 2569
75 2074
1213 2013
1046 1992
98 625
417 2075
613 1616
594 1427
640 1929
1046 2511
80 2280
1371 2098
853 1972
1495 1580
139 936
1809 1894
1230 1974
1048 2327
765 811
117 1601
1769 2048
986 1010
1234 1384
1146 1607
810 2658
2115 2481
190 1796
532 1660
306 2501
575 1136
101 1839
331 1521
881 905
140 1717
622 2294
714 2089
1096 2332
451 1815
556 2514
38 2321
56 934
810 2522
1569 2218
103 1195
498 1958
248 1889
913 2020
867 2304
984 1657
1242 2578
2317 2362
1134 2643
555 1800
131 2231
941 2116
464 987
316 2623
1119 1301
260 2315
1428 2231
1029 2222
2158 2224
513 1623
1261 2314
2417 2469
1992 2349
806 1891
1226 2205
24 1192
488 2188
67 1833
1905 2447
956 1290
1073 2591
969 1605
1129 2419
521 625
321 1463
1055 1192
888 2427
466 828
1698 2614
230 2130
996 1538
2018 2036
437 2446
1703 1823
204 432
1425 1909
1160 1549
359 382
1184 1264
2045 2703
1494 1524
923 1258
1987 2401
135 2651
1170 1713
481 870
1210 2023
884 1578
1481 1900
880 1529
639 1280
886 2586
1070 1773
189 2631
1038 2275
249 1003
1541 2561
215 986
245 2224
884 1420
393 1494
779 790
202 1743
615 889
1659 2285
631 778
1086 2038
1425 2234
475 823
1305 1811
906 2521
165 2682
319 1444
178 2676
1419 1925
318 2466
343 860
25 1669
576 1722
407 2583
417 2082
291 996
406 1655
1336 1442
1898 2623
758 2221
48 2453
686 1044
244 1719
140 775
1754 2620
569 828
1139 1450
1008 2087
387 1299
1712 1864
489 1896
1725 2439
8 961
1253 2577
1367 1933
1293 2128
1666 2028
436 2072
39 1887
1909 2352
916 1622
1091 1200
1212 1413
275 525
1482 2362
1986 2652
50 1438
652 1163
604 898
611 2400
391 1032
1452 2103
476 2094
2274 2332
406 570
176 799
697 1275
1290 2200
1303 2697
1717 2005
542 1848
161 2148
443 1986
700 845
734 996
281 2171
401 1423
202 1559
1058 1421
2306 2499
1791 2029
905 2159
853 1380
2103 2361
174 2489
1000 1284
305 2236
93 1346
220 2412
649 1676
344 2206
924 2281
937 2683
755 1178
1394 2395
623 749
1078 2379
245 740
822 1885
1878 1964
1618 2348
1676 2469
608 912
132 1901
158 829
370 2536
901 2361
764 1889
284 2491
94 890
266 2220
1207 1776
868 2484
279 2254
1758 1895
477 2468
824 1124
26 72
17 829
229 2279
363 561
1861 2066
28 2447
466 2323
347 2629
680 869
1495 2434
422 2173
403 2168
542 2217
409 463
2206 2548
771 947
625 2659
459 1064
1514 2295
88 1775
806 848
229 659
1376 2124
1311 1607
313 1166
95 1185
580 1649
490 645
322 2445
41 606
647 1249
2023 2076
1594 2642
1008 2295
1463 1836
2 70
938 1742
950 2575
909 1945
133 936
458 1841
828 2093
506 1868
751 2187
135 1245
818 2445
1141 2639
1550 2241
810 2066
706 2577
428 1659
1036 1122
930 1432
444 693
1786 2224
11 2169
50 328
1848 2499
901 2218
497 1082
452 1108
1258 1380
1503 2249
663 1561
1797 2411
908 2623
811 1802
501 2352
453 1260
501 1710
1097 1134
1688 1816
644 1303
246 1733
1684 2205
468 626
1742 2194
1095 2494
1096 1708
1242 1749
603 1407
483 2173
1527 2429
327 1143
1735 2648
1813 2521
984 2173
90 764
531 2377
318 1948
464 714
498 946
249 1372
1048 1578
704 1584
135 1810
1970 2576
1380 1535
265 1207
1726 2336
677 2210
795 1522
89 1841
634 2435
541 2220
423 2379
208 2509
145 2318
1233 2549
2540 2608
490 547
1503 2072
438 1129
1 2370
1524 2598
139 1567
392 1555
21 2411
1605 1675
835 2588
654 2009
65 1882
487 615
748 1279
728 2199
131 476
943 2145
114 1265
880 2160
562 2639
853 1283
765 1448
230 2546
1780 2456
192 1969
639 1278
1195 1527
2204 2310
508 544
2006 2258
2259 2510
106 1834
960 2464
318 2378
377 2634
88 230
91 2044
665 2152
855 1782
125 1060
492 2490
1713 2707
871 910
617 1525
689 929
1078 1418
35 1205
10 1244
842 2380
763 1713
372 509
60 2647
1231 2405
745 1974
1285 2343
1501 2581
853 877
2296 2376
1446 2201
1204 2393
914 1227
246 1866
96 1794
1431 2168
336 1624
681 1301
92 2519
305 1918
222 1538
860 1546
1658 2630
130 1040
594 1623
1418 2365
508 1800
259 2659
1127 1709
120 1554
2312 2674
225 2664
785 1473
131 296
2141 2445
520 1741
288 2542
1168 2216
493 559
315 1477
665 1247
2333 2456
182 1115
577 2085
978 1864
487 919
1387 1642
1052 1567
1892 2051
733 1537
861 2282
32 932
1292 2444
248 1891
837 1210
1837 2221
612 2156
1492 2145
558 2321
738 989
943 1590
416 1002
1121 2047
2124 2145
978 1753
1832 1927
1177 1316
892 1754
1462 2157
518 886
945 1124
301 2693
485 2384
45 1739
8 1616
1381 2448
164 1265
2053 2420
163 2128
844 2475
917 2227
26 2222
2288 2322
778 1841
76 1519
2677 2681
759 1528
2098 2231
146 1569
785 1275
274 1135
2200 2611
997 1541
458 1064
247 1800
1325 2384
952 1755
393 403
1908 2670
2045 2519
188 867
1017 2170
1755 2169
560 1404
2 291
595 982
272 346
1421 2433
672 867
761 794
702 1814
494 2572
139 2272
412 711
324 1711
617 695
2416 2595
498 1763
215 843
1828 2445
1104 2643
1348 2273
1221 1516
485 2530
533 1352
211 2043
7 694
372 2479
27 1007
943 1211
244 639
788 978
25 351
806 1948
1131 1563
156 2140
350 1258
35 2131
314 1636
106 291
26 571
1651 2223
761 1378
396 1408
984 1104
476 2277
2301 2548
1748 2156
463 739
210 1173
144 1734
834 1119
933 2218
1923 2488
1789 1836
683 1731
1331 1832
503 2337
528 731
376 1024
596 1544
1728 2371
436 2587
786 880
2211 2306
1471 2426
572 2077
93 551
661 827
1093 2047
548 1894
2353 2663
1158 1217
14 2016
711 992
2009 2308
598 1666
397 1211
1366 2502
2140 2360
857 1376
398 706
1965 2199
395 1814
319 1172
958 1189
125 2231
1096 2365
1589 2276
31 1728
180 1355
275 1475
2013 2658
488 1359
293 1259
360 1048
504 1866
214 2360
1598 2232
807 1125
1426 2654
877 1637
2138 2657
48 1363
383 969
316 895
395 711
1105 1996
2270 2428
1358 2659
259 1673
1458 1783
1787 1934
992 2519
343 1646
1770 2180
2094 2395
399 1246
216 798
2087 2576
285 864
1942 2705
580 766
1748 2218
519 2649
158 1802
1004 1196
1096 1376
491 1585
2228 2410
1607 2362
2088 2170
99 1601
1494 1598
1810 1984
537 2166
1241 2136
646 1059
640 1354
621 883
381 1362
534 1935
1195 1772
2145 2467
2152 2466
1624 2448
704 1642
1195 2558
1841 2232
771 1812
6 175
841 1523
213 332
293 554
1786 2663
793 2663
1579 2329
662 1720
244 750
1624 2009
22 1952
624 1118
1091 1791
610 1954
453 2211
15 1588
682 2391
2166 2292
873 2060
317 764
40 1432
393 970
381 1083
1633 2247
167 1346
231 265
1449 2587
580 2032
385 1473
1711 2595
493 2159
1716 2557
277 520
478 890
1318 2379
2168 2519
33 2222
134 1714
1234 1332
1486 2501
88 1412
1601 2275
1234 1292
395 1651
26 2100
713 2268
1453 2305
964 2488
216 832
192 2652
2347 2354
547 1286
717 1824
799 1380
427 2617
476 2313
1657 1792
1814 1966
1337 2432
149 1848
88 1898
489 1814
792 1029
2303 2460
721 2337
1642 1846
145 1696
739 1103
322 2425
568 2682
35 739
518 1671
614 2085
885 2643
798 1669
294 2127
237 975
602 1250
953 2252
993 2023
1764 2403
1126 2563
1509 2500
160 936
923 1763
2240 2302
147 610
50 1554
498 823
408 1098
1381 2000
2171 2231
2111 2403
996 2531
139 1540
1027 1827
790 2527
1235 2089
260 2079
1248 1283
743 1446
631 2307
1076 2595
657 859
528 1249
119 1725
2561 2680
1813 2214
322 1144
852 1603
1102 1986
696 1250
344 661
1053 1614
510 1672
1329 1681
1061 2158
557 1521
1449 2539
86 1870
525 1297
948 2605
75 1166
643 1770
1884 2397
636 2170
370 1347
1126 2327
2177 2294
2140 2294
1361 2027
1080 2644
348 2467
1005 1828
1341 1826
635 1010
658 2171
1214 2036
186 1867
690 1571
687 1265
869 2510
672 2214
555 1730
659 2620
596 2292
724 914
1671 2371
514 1119
882 983
95 577
40 1089
945 1527
396 2682
671 2196
251 1713
745 1892
1023 1529
1940 2296
1759 2208
471 1297
1506 1769
669 2611
40 1512
979 1600
2179 2530
2471 2567
1238 1278
152 626
2501 2703
964 2230
268 1728
2287 2448
1887 1948
101 1877
1702 1951
1011 1617
1543 1629
1452 2165
247 800
446 2511
225 1244
485 1520
420 852
264 875
510 1455
575 730
225 894
26 934
479 1782
911 1289
1228 2580
269 1641
231 1230
2002 2043
582 1202
37 387
742 2088
67 2587
154 1373
1709 2281
796 1124
1256 1838
1063 2348
611 1802
23 769
150 2342
1129 1819
512 2058
909 2454
950 2271
673 2142
594 1215
746 1385
317 1594
359 2656
613 2095
1662 2373
868 1829
1476 2654
5 2421
230 2294
1502 1727
1954 2572
472 2626
1868 2209
1767 2068
376 2519
81 1664
1684 1832
22 2676
363 2368
1138 1611
65 666
122 751
2250 2262
30 1306
1051 1716
487 1768
832 1021
574 1646
986 1356
759 1425
173 666
126 813
580 786
1483 2328
1019 1935
423 858
106 1487
841 1614
396 1483
693 1847
753 2274
1807 2530
1535 2057
652 2628
119 910
1819 1852
1168 1923
827 1705
172 246
575 918
820 2238
168 2077
875 1180
811 2124
711 1845
711 1232
1271 1545
507 534
1474 1658
199 1547
602 1080
1153 2667
2367 2393
1885 1993
502 2517
387 1736
324 1953
1605 1772
382 711
635 2276
1113 2057
358 965
1531 2166
1430 2204
235 866
880 1669
384 2286
1631 2100
1075 1297
495 1364
738 1763
377 2139
171 1321
1727 2431
274 906
1072 1588
1583 2477
1010 2218
126 2458
1055 2708
244 1384
234 282
721 1561
771 1107
157 2383
545 1490
496 2287
1093 1256
476 1824
1025 2502
1669 2377
784 1839
162 791
1334 2700
102 1830
1135 1665
872 1491
2005 2389
1041 1202
825 2159
139 2095
809 949
459 1126
1365 1419
2093 2435
457 576
6 662
253 2505
1858 2476
92 718
846 1198
1587 2295
1324 1928
2373 2674
605 742
431 811
901 1958
1842 1923
704 2003
553 782
2117 2316
1196 1584
1711 1863
363 2159
805 1719
533 1837
222 581
816 1331
1091 2159
187 1184
1475 2488
41 2334
1048 1544
553 2433
1135 2661
620 2601
552 731
1894 2085
2227 2704
258 548
500 548
840 1144
538 683
37 979
1007 2329
1366 1977
885 1027
789 2273
697 1781
53 1792
1047 2145
559 2173
2589 2659
1678 2677
268 1991
1012 1129
1666 2068
102 713
1200 1330
579 1251
491 559
1140 1796
841 2499
534 1030
2360 2386
987 2488
910 2634
853 2559
568 742
45 1936
718 1042
1140 1854
1374 2029
388 1595
1734 2243
781 817
1599 2223
478 1048
152 607
1792 2600
1661 1914
1462 1588
313 397
589 1779
542 965
1068 2095
1018 2456
245 800
2687 2688
13 2667
90 229
1486 2600
7 2583
612 1638
319 528
1585 1706
112 2356
1978 2500
866 2591
263 2284
428 1137
1293 1429
237 432
889 1175
1216 2434
1019 1402
1369 2188
2401 2475
136 2082
863 1517
404 762
440 808
264 1706
698 1611
200 548
1628 1772
201 2069
963 1103
950 1679
110 1000
1020 1366
1917 2048
872 1599
765 1133
1284 2417
528 570
493 2615
1783 1965
446 2266
425 603
686 1940
819 1434
132 460
2024 2059
286 800
744 1306
636 1544
426 1074
1034 2329
675 1585
34 1841
2098 2539
305 707
248 2550
473 2066
514 1486
1013 2686
877 1421
1198 1756
790 2631
1291 1685
216 695
1274 1538
1120 1911
2368 2428
118 2584
1135 2134
1357 1925
715 1317
379 1807
1307 1917
1051 1693
579 1847
1679 2037
349 838
753 1356
137 2201
592 968
977 1832
820 2282
1223 2342
281 431
1544 2046
173 728
1442 1568
571 775
548 1851
2215 2554
476 1909
311 2707
411 989
506 1934
501 2214
1165 1566
1409 2277
874 2017
65 507
1224 1764
1226 2637
1606 2430
1050 1230
872 1669
387 1129
1894 2293
1429 1494
373 2551
478 1386
331 1397
626 2158
313 1649
2505 2626
541 1664
795 2152
218 2623
1714 2670
948 2505
914 1617
541 2552
7 664
1677 2537
1626 1838
1820 2180
125 1696
1887 2244
105 793
426 2658
1331 2202
78 855
1328 1376
1108 1183
922 1958
1565 2076
41 1575
873 1567
410 2587
507 1673
1469 2546
1386 2642
596 1617
188 2162
122 1913
870 1244
31 81
1391 1698
2162 2606
620 1820
607 1454
1737 1786
984 2429
1321 1938
1482 2013
109 1914
727 1512
172 313
1465 2668
1592 1666
735 1582
814 1448
1732 2077
1702 2066
1128 2286
1528 1910
584 2059
474 557
130 1441
2500 2544
507 2317
305 1099
1993 2025
901 2643
1535 2657
553 1968
920 2117
891 1937
1124 2386
397 1902
1403 2130
473 2162
467 1007
702 901
1891 2003
19 533
70 1535
1295 1679
314 1245
12 1926
304 1759
400 1353
1362 1553
488 773
960 1494
2033 2398
181 2062
1581 2299
510 953
262 449
1842 2047
147 2362
1643 1895
720 734
1444 1987
619 1854
278 1099
762 2086
282 1305
110 765
81 1498
1110 1521
977 1101
222 1117
746 1522
176 965
1282 1469
1333 1734
134 211
1742 2073
619 847
1328 1581
1572 2018
183 2647
1740 2381
1096 2327
965 1612
1431 2034
645 2156
556 2016
198 339
1548 2403
606 1094
469 2142
2474 2512
843 2257
1107 2380
1140 2577
2111 2612
2416 2510
223 2354
270 1099
42 2175
829 2527
2089 2441
8 818
900 2562
1002 2671
171 2469
1848 2446
969 1612
1410 1958
2176 2587
1574 2200
1464 2274
904 1762
74 1038
876 1303
1104 2407
1545 2029
1005 2330
2181 2206
107 2429
473 2148
1617 2596
585 709
1991 2360
290 2466
223 1430
79 716
686 2216
262 1600
30 1099
394 2420
117 2270
2313 2694
775 2061
1270 1878
1197 2223
853 1830
2105 2339
1091 1435
322 2319
669 2575
1439 2318
1332 2644
1901 2291
1065 2597
1155 1274
706 1680
2057 2261
997 1100
489 1848
1917 2105
801 1084
1495 2418
1026 2168
1332 2260
902 2687
84 238
45 2052
967 2117
1067 1669
1893 1942
194 2449
1330 1993
324 2445
155 2491
1254 2088
80 1920
650 1297
317 1587
1062 2009
349 1306
1723 2261
427 1598
430 1105
2050 2686
1083 2304
395 628
424 1873
1120 1845
256 2541
1389 2019
43 664
884 1676
337 2399
1063 1633
336 1355
387 1446
1495 2606
111 239
1106 1928
275 2170
1652 2596
445 2418
616 1758
2198 2375
133 880
523 2138
1717 1723
692 1773
1047 2599
996 1209
1286 1368
137 1991
2083 2584
325 1942
1361 1447
859 1733
1550 1774
548 2165
338 2405
1872 2468
853 2291
685 1948
1371 2663
412 1593
1226 1937
1188 1488
1496 1677
61 1720
2283 2706
113 324
163 1148
1619 2197
1536 1646
449 1474
459 2257
625 1716
329 1310
636 2094
118 1118
84 997
899 2431
622 1341
176 1918
409 1292
1515 2489
1078 1709
1738 1870
1777 1898
1102 2026
101 900
898 1498
1748 2260
292 507
685 1307
650 1631
10 1065
69 1070
165 2279
199 2040
1453 1547
72 1415
1501 2410
301 373
628 1333
2405 2648
849 2704
968 2614
1795 2426
689 1648
405 2601
1044 2022
2017 2532
112 239
1387 1951
422 1947
2005 2166
1750 2354
670 2368
63 536
655 1263
333 1787
335 628
1925 2167
1474 1773
538 1424
900 1164
1196 1383
469 1239
1378 2244
724 1981
149 2345
916 1181
493 1913
1390 1919
1077 1495
304 522
2134 2218
289 869
695 2281
922 2276
857 2521
411 539
88 993
1397 1968
605 1641
1012 2657
1469 2521
904 1685
638 2223
1515 1558
1101 2596
798 898
1187 2193
1087 1746
372 1928
862 1809
925 2371
226 731
1473 1616
1885 2679
33 182
9 2278
1053 1746
1122 2038
1367 2053
558 2408
931 1836
955 1777
184 858
527 1983
1456 1574
748 1587
2481 2531
388 951
292 2406
793 2549
835 1209
1120 1422
503 1385
1494 2523
1285 2114
1489 1839
1257 2325
1236 2015
118 1372
719 1801
1772 2242
604 1331
1441 1820
1183 2323
2100 2413
328 2250
309 1604
1110 1524
285 2271
997 1522
1834 2171
1897 2501
1081 2340
228 2456
1333 1383
2455 2608
1958 2335
307 1176
2539 2567
1646 2333
205 996
449 456
1743 2683
602 766
400 1422
1072 2519
134 1562
525 758
693 1282
2177 2700
230 1061
1091 1944
20 1428
1503 2321
504 533
211 1210
506 1002
282 1340
402 1270
1104 2451
644 729
975 2037
79 1255
95 1546
981 1294
1499 2353
199 1082
1127 2053
333 1537
1561 2639
975 976
1023 1960
362 789
495 834
1569 2225
98 1224
508 1382
595 2104
942 1286
1796 2221
1658 2227
561 2356
866 2439
1095 1584
1257 1307
323 2413
407 1207
468 2325
346 2687
868 2099
121 695
45 732
690 1522
2011 2345
1291 2174
416 898
597 1813
1208 1534
972 2369
1299 2433
1995 2598
1269 1598
140 1988
1555 2254
2045 2377
603 1291
2208 2668
737 2676
1059 1080
1178 1867
1281 1889
1885 2654
141 1802
1689 2502
1394 2245
1457 1593
309 465
91 844
1341 2077
872 913
1030 1421
103 1547
1023 1968
1699 2392
1288 2354
427 1221
795 1094
733 1872
728 2236
533 2614
476 503
124 231
782 1080
607 2630
327 2597
726 904
726 2284
1506 2276
497 1371
1000 1092
1107 2324
610 1286
2059 2086
1256 1691
2386 2531
470 1597
970 2004
1597 2256
153 1365
845 2006
2056 2697
1097 1208
194 1702
359 1269
1446 1929
510 1087
121 213
1555 2057
1356 2342
1355 1522
903 2496
230 2438
1327 2576
835 1759
259 1184
274 1468
642 1635
261 1582
24 706
2024 2302
245 2497
1030 1239
1102 1133
781 2349
337 667
639 818
2370 2391
33 1736
924 1052
211 540
857 1853
1352 1440
1663 2614
545 1102
578 1042
1924 1941
483 1580
512 723
998 2026
46 1449
902 1173
760 2226
1738 2144
1283 2004
2283 2455
71 957
545 2292
948 2038
807 1868
453 1398
230 823
42 410
226 742
1681 2216
1366 1490
888 1162
485 495
139 2601
660 1486
1394 2063
557 1795
496 1238
1729 2146
474 1094
1457 2681
775 2677
569 2560
511 1214
1427 1538
138 2630
314 490
1006 1449
886 1436
1578 2232
2178 2435
1478 2395
626 1077
714 2288
576 2011
203 2041
171 1899
1807 2018
1301 1898
1079 2258
2002 2089
440 2041
1187 1490
717 2229
753 1621
191 1272
486 2079
611 2671
2261 2496
94 620
11 109
1836 2416
253 2457
240 2616
1439 1725
238 1545
1031 2096
2249 2393
1394 1816
2318 2357
152 1690
1521 1789
1495 1645
9 274
95 2067
356 1453
1828 2229
40 1475
510 1899
2134 2521
630 755
126 1120
318 870
321 1004
