236 2270
1612 1773
611 693
798 1801
5 1920
1680 1912
301 693
1004 1192
1816 2209
141 1644
1714 2559
1592 2409
1725 2304
782 1215
804 1848
1863 2670
18 889
2126 2343
538 748
383 559
948 1333
1876 2531
738 927
1006 2497
668 1039
1696 2341
330 875
179 637
17 1615
184 1768
463 680
1633 2214
22 657
200 811
656 671
1072 1406
1095 1590
351 598
268 1134
835 997
1375 1577
39 1281
1121 1768
207 968
805 1299
1885 2463
23 2582
2123 2674
494 2244
506 2138
293 1125
247 1253
1141 2296
66 1361
508 909
447 2016
608 1557
581 2335
829 1149
1265 2304
352 1871
545 2491
2571 2623
1058 1462
56 917
1844 2077
695 1853
336 1795
1922 2059
356 2074
1680 2147
480 1860
348 1307
2230 2368
1427 2390
1194 1851
2217 2371
11 1193
779 2142
753 1466
2063 2451
411 2060
1442 1834
1016 2549
555 1929
490 685
42 1841
538 914
902 2382
900 2615
479 821
465 2608
210 611
1714 2228
647 743
1166 1662
535 1470
1408 2606
211 2549
2370 2398
42 267
2424 2458
1268 2341
1498 2545
52 2463
614 1367
1480 1657
153 282
1648 1910
1694 2314
692 768
184 1343
849 1139
1391 2057
1463 2031
218 1906
2 229
63 136
512 933
1780 2028
1030 1915
1068 1948
495 2480
1412 2422
2288 2608
264 1099
702 2095
1096 2057
888 2584
1058 1861
90 619
477 966
696 1524
1023 1239
271 987
1153 1913
2172 2450
740 2009
344 2317
1138 2312
847 2161
1634 2141
1170 1291
1070 2005
1069 1118
1795 2288
352 1918
208 1634
554 2401
1714 2491
169 893
637 988
1464 1578
210 2493
426 1516
117 1054
812 961
903 2584
680 879
1264 1642
398 1294
431 489
408 1877
1098 1188
1454 1869
1474 2307
574 2577
559 928
1660 2025
344 2192
1854 2031
853 2306
73 254
43 2214
193 2316
288 636
1271 1910
252 1514
2400 2642
19 2365
409 1398
33 1530
1971 2306
172 1735
287 2660
1204 1490
396 537
2230 2285
1359 2075
107 688
1529 2656
1166 2548
621 944
536 1593
658 2297
371 1097
621 1483
2004 2473
1271 2209
131 800
1981 2696
1519 1608
677 2394
2572 2668
133 1919
1304 1882
503 1027
149 493
12 1900
1188 1647
975 1609
1293 2252
395 629
25 1034
1050 1235
1127 1432
52 482
171 1212
861 1119
302 2215
2088 2278
724 2087
1257 2357
186 1107
549 1027
551 613
1421 2093
174 493
1792 2356
1589 1783
753 1911
377 603
402 1182
223 2644
1075 2393
664 2463
157 606
1162 1492
1302 1932
849 2258
1674 2511
621 652
457 731
445 1242
1107 1793
2307 2471
867 2636
1092 1794
1597 1860
1695 2091
567 2636
454 762
70 138
1636 2565
1753 2204
1618 2378
68 243
1135 1183
720 1391
266 1160
444 2609
1140 1756
534 1906
861 1098
403 2577
1130 1539
69 1744
1354 1441
1236 2140
929 1674
459 1958
89 1275
484 2204
805 1286
1156 1574
747 814
793 980
188 1217
30 54
1676 1717
323 1468
1517 1566
526 720
2062 2635
171 2615
1310 1419
194 1844
737 2166
184 676
103 782
156 741
1444 2090
1154 2380
685 1609
1553 2544
578 996
472 828
164 815
355 1821
215 802
1184 1732
1926 2478
275 1530
453 1501
886 1637
1295 1590
2083 2369
780 2178
1843 2445
224 948
1163 1321
2409 2570
663 1755
224 363
328 2235
2147 2384
789 943
615 1267
670 1241
1528 1598
1173 2022
741 2099
466 1660
570 1851
1413 1548
107 616
595 626
1656 2555
1753 2261
72 2408
1764 2044
1694 2553
1423 2238
772 1444
567 1039
556 601
70 191
167 2013
2478 2693
978 1292
381 1730
1110 2341
99 671
880 2291
543 1244
2177 2483
936 2299
661 1841
74 2700
559 1894
899 995
455 2448
1785 1888
1473 2204
614 980
1036 1724
1073 1564
161 714
490 1485
798 1954
229 2234
2281 2483
27 509
70 1447
1907 2291
162 1261
297 2579
1643 1894
373 1855
1856 2380
1139 2111
32 1229
1564 2397
652 2428
2214 2531
278 1327
1700 2687
210 584
1226 2662
314 2153
53 2559
1676 2429
1810 2045
686 1290
461 525
232 1862
921 1595
104 2343
1797 2365
170 846
457 986
1979 2554
97 2389
1048 2595
284 1436
423 2412
349 387
1363 1418
2244 2247
528 1034
171 959
405 739
1477 2147
1215 2301
922 2484
311 937
2562 2619
466 494
1361 2532
421 1783
410 2165
955 2269
573 758
1538 2225
338 1071
607 2036
765 1447
922 2383
268 1783
707 1337
1129 2663
271 2045
336 909
2446 2497
1400 1899
20 97
2041 2410
278 2490
345 534
781 1658
929 1723
469 1176
338 2273
134 707
319 1759
2072 2210
724 1500
979 1812
1697 2516
447 1814
750 1831
1693 1944
322 2055
1567 2063
1983 1992
1734 2487
246 1471
1468 1664
941 1337
718 789
1413 2249
2174 2249
1560 2476
1447 1471
133 218
601 1417
202 550
533 701
85 309
777 2168
1439 1894
65 2325
104 2100
745 2274
551 1718
316 978
1904 2493
42 1378
442 672
721 1965
766 2485
1795 2267
583 1779
1085 1550
1574 2078
848 1012
127 696
55 1671
1137 1305
1024 2319
1719 2175
9 1419
45 1072
2244 2299
1232 2510
911 2337
479 925
461 1779
980 1580
1242 2658
776 835
1267 1840
1151 2707
991 1629
1391 2477
1195 2100
247 1275
483 1512
474 1434
1307 2426
8 2130
307 1166
334 1254
353 1177
1550 2467
1211 1772
171 1290
361 2023
1914 2343
1481 1547
1355 2085
1316 1820
515 1867
2481 2502
1725 1755
541 1052
1387 1824
2221 2229
357 814
35 1015
519 990
641 1323
778 945
1197 2049
493 2329
278 1086
323 481
1385 1897
946 1241
673 971
150 2708
201 2464
100 2305
300 1062
1460 2233
1442 2496
1289 1358
1321 2503
1570 1585
600 1832
383 1562
1831 2203
109 2471
318 1754
743 1955
785 2652
244 1215
496 2245
1763 2328
2446 2472
68 2127
1387 2564
1964 2480
1230 2679
775 1731
1541 1769
1042 2357
691 1440
2175 2306
617 2707
2665 2667
1863 2689
169 1657
893 1370
1042 1464
769 955
1724 2694
105 841
1604 2361
815 2026
1602 2519
460 555
1077 1123
17 2477
90 1158
232 1420
141 1634
2556 2577
1222 1744
1087 1232
297 1815
662 1677
1028 1777
2090 2268
2082 2361
2036 2419
1052 2334
1750 2430
626 1255
976 2313
162 220
1122 1424
2032 2466
637 2025
464 568
370 1363
1479 2486
826 976
796 2637
1740 2458
30 1829
346 1045
847 2354
234 1987
741 2592
325 955
1079 2667
204 624
835 2205
1055 2204
604 1802
1238 2505
1881 2260
1839 2050
867 1911
2506 2523
610 1753
1615 1738
543 1126
549 2199
721 2174
1216 2380
56 2236
1283 2094
322 1238
21 1779
2298 2662
285 1481
1283 2080
711 2677
1124 2299
521 2109
1045 2147
1624 1873
754 1807
1842 2626
1302 1927
765 1342
2274 2527
874 1143
42 1738
461 998
1026 1513
607 1676
473 1453
299 2054
1242 2112
51 1959
547 1436
1364 2282
1862 2243
783 1702
1038 1845
574 1548
1033 2684
46 1832
1450 1533
644 2358
2158 2693
733 1557
1036 1781
929 2104
635 2547
620 2147
980 1784
31 144
831 1663
709 1199
1038 2212
218 2511
332 1274
1233 1541
1217 1735
982 1492
562 1336
1436 2047
569 1895
193 1527
212 1190
1135 1245
474 1034
101 379
2453 2558
445 1208
1660 2050
804 2302
321 766
2092 2682
723 733
955 2188
369 1581
1119 2011
1118 2051
1788 2532
1372 2252
202 1593
818 1789
436 693
12 1666
2691 2703
540 1500
260 2212
1414 1541
1063 1170
1511 2281
378 1143
249 1166
2179 2462
112 2144
1120 1632
1960 2234
802 1104
1111 1194
48 70
916 948
1658 1732
78 2232
902 912
397 2306
402 1717
1827 2105
743 1539
360 1791
642 1330
610 1254
1461 2124
106 1928
237 689
248 2170
388 1328
96 1761
1000 1443
501 2576
873 1862
885 1565
2075 2416
2261 2432
821 2096
596 916
1564 2153
1583 2276
1692 2337
1366 2629
658 2300
545 642
1292 1709
981 1417
5 550
1672 2368
1184 1414
749 2045
722 1085
465 510
1423 2414
607 1084
178 1037
1834 2445
328 1833
1680 2240
538 1058
1543 1977
842 2695
799 1499
1008 1911
1162 1945
4 1688
39 156
447 759
1558 2523
515 1822
107 1244
331 982
468 1458
1660 2292
256 1858
289 1257
592 1797
1106 1557
1443 1727
1290 2430
404 1210
823 1454
383 540
970 2449
83 1976
746 814
603 2383
1489 1927
891 2619
722 1376
933 1424
676 1289
658 1150
2284 2600
190 1047
540 1537
912 1415
731 2476
532 1108
799 1227
229 1038
1826 2105
1823 2287
90 264
94 333
840 2416
315 1409
1186 1723
375 1352
1826 2474
418 612
520 2383
808 2040
526 2664
228 2269
1475 2690
820 1687
2196 2409
999 2076
352 2432
1042 1556
1379 1863
722 1364
57 1846
211 1485
299 1828
571 2269
212 641
575 1564
2129 2277
350 2068
76 1058
56 440
1012 2316
1060 1757
2468 2578
928 1023
223 267
333 1763
1965 2026
40 2625
1318 2102
1404 2677
1120 1479
1470 2344
211 763
243 1447
237 1845
309 1660
424 1493
798 2138
405 1750
796 2353
1033 2655
23 314
1009 2611
1758 2288
113 1062
538 1024
300 798
1789 2541
370 2418
23 440
818 2662
455 597
481 1458
1239 1440
1118 2384
340 2306
758 800
419 1334
758 1041
781 2046
2272 2673
396 2379
1037 2565
363 1184
45 949
1395 1703
448 700
1131 2108
6 987
617 1124
2367 2577
477 1450
1375 2203
2074 2639
237 2545
1135 2475
1794 2462
326 1835
574 759
697 1593
678 2445
1032 1216
247 1429
2026 2228
935 1757
464 2225
1822 2329
1255 2424
117 2157
1170 2519
2268 2419
603 1720
2014 2251
612 1068
1770 2672
1972 2538
2276 2668
635 2615
457 2282
1085 1384
1110 2687
1415 1830
1341 2572
1294 1840
1612 1896
1601 2576
297 2205
1133 1846
409 1823
607 1555
693 1500
824 1207
540 950
1546 2552
298 913
847 1343
528 970
449 474
784 1892
614 1383
611 2459
1090 2466
1974 2697
553 1537
1115 1484
1340 1784
1533 2681
153 317
494 2508
1426 2639
1513 2444
730 2053
936 1327
1310 1698
58 1400
388 2660
436 2373
552 1001
1178 1665
35 2060
221 1091
2315 2403
1117 1712
869 1932
323 2318
1870 2496
562 1419
1774 2096
804 2062
57 2539
939 1484
416 2082
833 1111
26 725
982 2635
527 1258
45 1705
297 1784
147 1915
142 1254
910 1783
1844 2184
918 2045
1566 2619
1591 2314
2572 2626
1217 2489
1438 1472
350 2523
1271 2076
789 1054
637 1710
47 2611
1163 2536
339 695
230 470
542 639
1839 2672
1958 2081
995 2433
490 2674
575 1909
1784 2566
1501 1843
201 866
815 816
569 725
508 2240
615 1211
2378 2506
1033 1812
490 946
805 1284
486 1583
181 628
457 655
1539 2540
488 1391
900 1188
480 1400
92 509
158 2507
627 680
711 2474
1692 1722
1408 1852
430 1467
167 2365
793 2678
1755 2001
1719 2588
1007 1801
1020 1451
193 2210
2026 2665
467 2400
576 925
1463 2455
1304 1867
794 1134
1006 1111
136 1620
846 999
1238 1432
868 2165
255 1520
604 772
1594 2576
1987 2209
1077 1642
1479 1545
1440 2451
23 2292
315 2418
333 2043
501 2169
580 1535
413 2298
1734 1844
993 2306
671 820
564 2644
1528 1605
25 656
71 1704
568 1186
2210 2328
97 1224
581 1201
1050 2044
458 2472
415 1172
98 2009
1476 2674
2488 2512
1772 2637
1259 2288
1755 2554
1266 2245
922 1848
1938 2131
68 357
84 406
293 1866
1399 2401
129 2014
1924 2095
1784 2683
1065 2689
483 893
1410 2072
1343 1977
853 2547
20 846
495 1200
211 256
83 184
1492 1570
773 1247
1359 2705
2377 2579
440 1846
1106 2235
232 2331
553 2616
564 611
182 680
1496 2210
1250 2468
997 2517
1400 1932
186 2080
1650 1848
1068 1606
993 1567
313 624
1330 2509
541 1898
671 1837
945 1408
1474 1654
972 1907
1170 1580
461 2546
1709 2099
116 2112
755 2133
295 1981
1010 2483
240 920
483 499
978 1725
562 737
92 2409
393 513
704 1039
982 2707
1579 1912
789 1993
1534 2013
58 1886
2407 2448
441 1629
1079 2105
265 1330
406 1756
1110 1628
2408 2619
1405 2001
134 2620
926 991
144 2553
948 1592
61 1631
202 2665
2138 2590
993 1512
832 2643
1215 2169
2126 2486
347 1877
899 2493
1684 2491
1126 1200
432 2173
2175 2594
1245 1393
1272 1797
1181 1476
414 1867
540 2009
851 2668
790 2567
1572 2354
2297 2571
758 761
44 587
20 338
1480 1959
2339 2612
1284 1565
1315 2005
598 1637
909 1177
941 1415
1181 2648
1365 2283
61 2253
1841 2379
1093 1345
98 2025
318 1730
926 2231
522 1078
188 254
619 750
1055 1474
1040 2201
1189 2435
961 2381
990 2643
116 1675
1173 2333
1835 2222
118 395
1008 1849
574 1709
746 1289
1978 2279
1102 1858
467 1324
61 1389
1013 2657
810 1637
209 977
450 1270
2456 2627
902 1780
1273 1547
1078 2370
704 1754
1401 1785
47 2530
76 1951
627 2493
35 2068
1589 2043
1816 2590
794 2072
1550 1813
201 1917
1912 2456
11 152
1315 1339
659 1073
897 1496
745 1325
818 845
1051 1435
1408 2565
551 1549
2295 2399
1110 1147
1824 1937
452 749
983 2354
531 1305
1064 1920
711 719
1264 2360
993 1937
958 1042
441 2153
144 2594
1515 2196
1183 1370
1062 2414
750 1268
955 1209
1217 2045
644 2161
1096 2375
481 2062
1318 2646
315 1837
892 1099
1149 2045
105 1293
1869 2177
1087 1191
1349 2159
1003 1561
1471 1821
102 605
514 1340
1132 2337
311 978
1453 1470
192 2024
103 2606
1198 2600
1624 2325
371 501
1381 2615
1723 1863
1131 2254
129 361
1627 2166
521 1841
1693 2093
2282 2464
1851 2152
697 2020
721 924
147 1073
912 1785
391 2523
680 2377
451 2580
1985 2375
153 898
892 1995
253 2443
612 815
344 2705
2336 2475
2013 2472
1839 2131
1498 2485
955 2004
358 2579
879 1168
103 2678
1328 2588
487 1522
691 2493
749 988
235 1018
1032 1229
1525 2580
1726 1761
1301 1355
878 1471
1599 2489
890 1074
119 1597
747 1776
1068 1352
1239 1338
452 1285
156 781
791 1147
221 2304
841 2056
427 1483
567 2083
400 745
59 1022
123 1550
2485 2647
652 2545
748 2224
43 1438
310 1237
2100 2472
7 2200
727 2466
1845 2480
2285 2519
430 1836
80 1451
1242 2665
188 371
765 1081
1898 2570
1367 2141
733 1855
1506 2335
675 870
1529 2104
89 2115
1654 2002
242 945
406 791
916 1486
1835 1847
1134 1642
627 1882
282 1438
853 1467
278 1442
114 1748
493 2238
1398 2526
671 2038
86 1513
193 242
294 2119
1110 2371
1731 2223
460 1871
553 1968
1520 2007
524 1333
512 1522
1486 1889
828 1355
55 1100
1033 2335
1224 1254
55 476
1895 2148
880 1549
278 1681
160 1611
1069 1489
688 1554
588 780
762 1101
1352 1355
1251 2522
772 2536
984 1761
8 638
228 1293
448 2505
139 451
1746 1826
315 1209
1512 1829
1282 1469
371 1929
575 1387
315 1636
494 838
810 854
23 200
1333 2420
1162 1401
2404 2517
671 1000
521 737
2 2075
1353 2591
144 1469
1097 1327
19 156
151 2215
453 609
682 1852
251 1719
408 1038
372 1127
1936 2418
378 2607
992 2451
918 2688
18 1579
446 1094
436 1958
1410 1640
1718 2095
1242 2630
2288 2691
192 2424
1139 1193
719 2474
1021 1975
1539 2512
1329 2696
735 2323
737 2594
1069 2590
744 825
1073 2514
1061 1911
931 1547
141 244
1303 1617
1443 2690
945 2141
1284 1701
29 2286
913 2005
1255 1578
645 1179
105 1813
113 2286
1094 2223
568 1713
2043 2494
766 2477
501 1365
169 1971
1801 2253
910 918
277 2586
1887 2132
1824 2272
206 707
701 2139
911 2251
327 2522
56 318
857 1798
1785 2339
242 1213
151 620
565 1521
516 1490
22 1248
1132 2033
1120 2428
644 2462
487 1305
403 1809
269 1885
1141 2595
842 966
51 1265
28 2401
632 2196
996 1579
232 1002
1126 1289
843 1565
2215 2425
727 2299
781 2670
264 1130
121 1531
1265 1729
172 1616
2173 2441
1321 1807
1081 2531
482 1681
112 1086
171 1406
459 1211
784 2028
20 582
805 1893
632 2671
7 1781
522 772
225 548
149 2202
302 928
1247 2326
1028 2005
97 2056
927 2407
99 1201
479 1979
756 1477
743 2205
1472 2007
306 2330
419 2351
1132 2556
926 2126
338 1543
306 2343
339 2275
1740 2322
827 1782
1334 1996
416 2207
569 1685
376 2299
979 1730
1236 2078
242 1606
706 2690
440 468
558 1772
240 602
190 2142
722 830
1700 2580
249 294
2353 2509
596 1555
136 619
85 1663
805 2067
543 831
1501 1637
494 2358
108 439
373 2245
1420 2353
487 907
2109 2481
2546 2684
1402 2266
1328 1344
845 1934
453 1661
56 1212
473 1867
80 225
1559 2687
1215 2216
1562 2041
246 2491
483 2153
857 903
1236 2521
883 1804
92 2288
1390 2211
134 1699
1322 2599
828 1826
743 1446
884 1122
451 2610
398 1424
1102 2481
975 2508
878 1447
1356 1789
1290 2643
1048 2136
796 2708
412 980
1022 1912
793 1898
920 1671
126 849
855 921
1076 1656
895 1749
841 929
94 200
1192 1888
713 1303
29 151
706 1673
1091 1241
347 1361
2391 2533
105 1638
333 2694
628 2572
2468 2654
905 950
162 1394
1970 2271
1038 2151
1413 2088
969 2051
601 934
620 2225
1292 2589
604 1432
624 1382
1645 2266
1230 2601
714 1117
329 2456
1517 2193
61 646
581 701
926 2325
2076 2415
2223 2652
1290 2659
2459 2601
603 832
742 912
758 1393
1492 2072
1287 2553
2171 2386
1266 2587
1153 2408
945 2428
884 2102
172 2011
500 730
1432 2358
156 2601
336 1306
1071 2634
1958 2043
1316 2180
440 2185
1022 1179
424 808
1344 1650
39 421
215 553
238 864
460 1531
1673 2335
509 2316
835 1156
832 1926
746 2196
260 1908
30 2405
2114 2247
692 1783
1368 2378
14 818
1423 2707
502 2561
1110 2161
119 1609
660 1088
2050 2418
298 1251
700 1599
706 2499
149 1643
125 534
1687 2045
2473 2687
2 2516
1331 1695
1158 1206
1117 1344
716 1562
2214 2587
1530 2521
714 1083
543 1929
256 1037
442 2423
1106 1244
929 2439
1592 2168
1088 1280
469 2460
1844 1907
694 743
559 1128
1041 1583
733 1907
153 1315
339 1343
579 2519
1458 1556
676 1270
1081 1958
1076 2677
1737 2214
426 2462
1951 2472
201 1022
2139 2505
111 1524
493 2183
369 1784
1365 2320
237 451
2322 2325
607 1024
155 421
276 557
216 2592
123 203
251 2597
1820 2117
1204 1822
634 2386
2306 2674
214 2169
2099 2311
924 2200
1039 1711
1066 1193
125 1453
637 2378
340 489
84 1434
1516 2663
415 1210
168 634
58 1246
2178 2413
1249 2481
338 2335
138 2663
137 1196
563 1002
882 917
1969 2100
539 842
816 1697
2358 2448
295 414
296 2654
1197 1291
1170 2270
976 1276
1899 2555
441 843
107 302
89 406
846 2088
359 2041
956 1900
760 1203
553 2160
774 1278
115 2238
779 1877
535 798
472 751
288 1173
859 2360
763 1422
1078 2142
799 2530
144 1845
2292 2376
421 948
2312 2655
1330 2497
1319 1496
274 1876
753 958
814 899
169 1845
621 2538
399 688
180 960
141 809
2060 2217
1377 2138
1356 2391
323 1907
393 1963
150 1625
815 2517
785 1854
449 600
755 1624
265 2292
510 547
534 1102
713 1126
43 2311
597 1461
53 1685
242 1499
305 830
1559 1964
866 2355
806 1147
815 1036
933 1536
154 485
980 1222
1709 2283
1062 1066
463 1965
765 2349
70 456
1729 2345
656 2400
428 1928
299 1237
1063 2054
42 2581
1419 1992
243 640
40 1246
416 1028
1382 2684
566 1919
1335 1579
838 1431
798 2199
281 1812
438 2196
690 2306
222 1462
901 2579
134 1380
771 1172
345 825
1472 1746
1421 2511
989 1192
1378 1719
547 1900
1179 1793
52 2079
464 2178
258 263
1767 2336
924 1590
75 2591
990 1503
873 1302
933 2464
1441 1573
72 2039
1064 1836
709 1708
723 2608
253 1449
1707 2341
459 1586
1536 1690
1623 2139
324 406
224 1897
1460 2239
357 890
573 1425
274 1216
1843 2599
1934 2286
722 1808
1063 1475
279 1359
72 105
722 869
690 1534
236 1769
737 942
1249 1527
1356 1719
469 2626
2080 2431
184 522
164 2269
108 2152
1455 2418
812 2231
407 1048
635 2595
638 1969
199 880
831 2686
808 1038
122 704
1703 1947
174 1637
678 2244
725 1094
260 1214
362 1481
291 809
1773 1988
305 1040
908 2332
1009 2629
1165 1813
9 622
85 2179
938 1864
526 2616
290 2469
448 1855
1120 1824
1578 1940
1052 1308
738 819
1312 2225
969 2321
378 2273
912 1625
2145 2612
545 2480
789 957
1633 1901
1153 2474
391 983
97 1832
805 834
2593 2679
138 2583
1355 1979
1470 1594
1275 2412
1497 2048
1419 1584
480 1184
2040 2675
43 1895
2000 2200
1822 2416
436 905
127 526
435 2019
1333 1829
23 1756
415 1156
103 1827
2176 2441
216 1331
2011 2367
1547 1759
58 1291
568 1369
1393 2694
2026 2145
1741 2275
2182 2257
16 80
323 2677
47 791
607 945
2134 2611
978 1895
93 428
1192 1545
78 286
635 746
172 2327
921 1953
645 2315
72 2339
22 2609
443 860
868 2327
1337 2085
381 647
51 1326
1786 1866
1251 2389
292 1464
1878 2174
238 2194
1478 1755
71 2286
820 2124
15 938
827 1499
210 2224
1067 1304
520 2015
1534 1720
1971 2261
812 2420
2169 2442
116 959
924 2313
286 1985
2077 2238
2232 2258
1084 2679
1226 1453
1540 1774
280 2410
921 2379
2230 2418
1284 1481
1134 1824
722 1785
60 65
2017 2547
174 2582
1053 1971
291 724
81 1364
810 971
307 2102
831 936
1828 2406
1190 1736
1074 1627
2286 2490
1060 1187
1702 2421
311 2582
291 2081
267 594
1985 2305
568 1264
1151 2433
248 773
18 2060
207 2571
689 1039
511 2420
1724 2691
30 1400
856 2646
410 2036
384 2588
1162 2090
899 2200
293 1648
584 2192
24 699
1559 1846
157 773
475 1404
254 2560
604 2280
304 1615
1862 2654
75 224
396 2047
682 1846
54 2570
766 2496
1420 1976
1016 1804
818 1036
845 1506
406 1640
98 2508
1323 2629
775 1777
315 1193
1045 2398
957 1978
986 2380
950 957
728 925
9 2635
553 943
1461 1903
885 2372
733 2419
868 2496
1107 1417
685 2419
262 479
463 1839
369 1258
34 991
2276 2486
1767 2173
407 2407
1796 1976
489 2628
1489 1879
209 1782
550 558
804 1038
2168 2267
620 2096
901 1420
1647 1872
232 390
606 1697
356 1022
2283 2407
56 1791
851 2280
1272 2267
1024 1516
602 771
925 1385
2009 2114
285 2088
1431 1514
1079 1191
214 2139
1516 2146
409 2405
1470 2405
79 1913
982 1097
132 1903
675 2104
393 840
791 1246
474 1082
1095 2095
390 2563
1371 1433
479 1620
463 2235
852 2287
1300 2257
486 1498
459 2631
763 2087
1426 1667
18 830
913 1674
58 562
242 1736
1616 2045
1436 2411
270 1779
424 2423
1325 1464
1055 2694
2169 2185
2032 2096
66 1722
613 1558
507 983
697 2201
351 2693
46 644
1615 2344
175 2151
962 2413
704 1576
1697 2411
1327 2588
551 1203
851 909
1066 1185
649 2505
172 1646
806 2601
1503 1600
1213 1643
855 1023
1431 2511
595 2258
866 1154
285 2609
1501 2500
926 2280
856 2433
831 1993
836 894
2154 2457
2114 2476
40 909
256 1074
1101 2654
85 2597
1493 1955
1042 1275
2040 2612
687 908
206 1480
258 359
1070 1227
254 1481
1667 2682
373 2194
2167 2456
164 1942
70 2441
769 1001
652 1784
198 1104
1460 2210
917 1179
965 1439
716 1591
225 799
847 930
8 690
1121 2693
1383 1461
1248 1693
727 1478
2316 2491
2073 2217
1261 2446
990 2455
1408 2255
403 598
257 881
695 2074
345 792
972 1549
335 1295
1412 1994
122 776
1758 1896
570 1788
71 1953
1988 2665
667 1374
272 1284
673 2658
495 2634
1385 1754
1791 2369
869 1390
193 2696
1565 2244
77 2045
1814 2703
222 2381
714 1935
216 488
1585 2587
314 1671
454 498
384 682
1230 1301
1801 1802
66 1036
563 814
396 2664
81 1054
463 1438
298 1165
1338 2583
1144 2382
848 1329
1568 2439
516 1903
2356 2375
1660 2177
722 1537
2004 2680
1193 1977
330 1091
413 1648
404 2331
48 1147
1548 2021
777 2657
47 1941
134 1754
2280 2506
2099 2460
1776 2559
1356 1596
966 1677
38 1532
385 1789
188 1448
23 2070
612 2299
1060 1800
237 526
2330 2659
1674 2452
1107 2512
592 2591
945 2472
581 2298
411 2125
630 2460
2017 2092
1342 2404
325 360
221 2488
436 1634
415 786
299 1119
962 2258
199 2425
792 1403
1286 2647
1127 2449
1795 1927
1002 1511
1556 1958
534 2363
1269 1831
243 1198
1452 2454
714 2554
1887 2568
1877 2234
1553 2432
71 1315
1070 1349
2188 2297
665 1491
841 2426
1225 1738
60 1046
1406 2242
416 1469
158 935
1076 2307
549 2526
919 1232
827 2670
1246 1627
845 2168
552 1688
386 641
1069 1910
1893 2019
218 2008
323 601
1614 2480
111 536
543 1325
579 1238
1231 2199
48 232
654 2335
739 1105
415 805
892 1490
1313 2452
1064 2278
518 1138
103 1499
2338 2344
2005 2467
1189 2027
1876 2066
631 1425
852 1097
213 2383
1992 2091
482 1394
486 1379
636 935
403 1580
23 920
496 1412
483 2395
1854 2373
1016 1655
782 1343
678 1919
1995 2374
264 2052
1652 2063
371 2297
136 1257
876 1197
1571 2369
658 2612
246 1381
130 1668
128 2630
1208 1599
854 2494
138 208
362 622
486 1816
848 1485
1212 2554
1705 2033
718 2540
1499 1671
1864 2469
1545 1963
1652 2020
285 1804
2002 2211
714 2599
1718 1762
1009 1397
22 666
1331 1344
162 2449
460 1489
140 445
576 2016
332 2639
33 2662
152 2682
724 1195
789 2116
1946 2088
763 921
861 2488
358 910
453 1892
1545 1668
1359 1922
1629 2447
791 1992
1393 1517
1078 2655
993 1729
1162 2557
577 1647
2134 2596
1050 1942
499 1944
1262 2074
1211 2541
843 1576
1051 1890
1608 1896
2134 2311
1074 1193
226 1620
129 533
28 329
643 1200
636 1324
121 1138
1280 1418
1620 2001
247 248
1002 2446
1355 1972
519 1668
794 1211
116 1589
37 837
190 2307
101 609
53 1317
1617 1890
253 2003
244 498
2123 2456
264 1938
2031 2066
1872 2554
1662 1793
2278 2338
1786 2218
130 903
871 2280
65 1836
398 2571
2132 2519
164 298
271 1305
1497 2619
282 981
1044 2060
1346 1448
543 1423
1737 1974
387 412
597 1605
624 1060
649 1666
749 1636
2178 2207
72 1832
813 1713
1084 1832
135 302
1934 2317
752 1012
694 1323
519 1947
1469 2182
2212 2438
1342 2131
291 2455
2275 2363
29 1470
245 2644
324 569
395 826
1295 1725
1625 2330
1532 1828
234 2463
377 996
186 766
723 2705
1188 1668
1976 2427
146 383
407 1976
603 1313
369 2081
2526 2550
71 2708
363 1817
1263 1610
655 2173
2677 2708
1361 2447
1458 1709
2239 2677
917 2708
903 2644
1027 1231
292 946
675 1341
538 1983
1306 1937
359 2349
472 1002
863 2192
1070 2352
299 467
1485 2507
1192 2413
363 2131
106 2434
270 2134
1093 1650
237 1452
1676 2608
416 1184
204 2481
1273 2441
1948 2209
268 1259
616 1338
317 1826
1302 1641
2146 2597
267 1575
420 624
20 2314
1043 2192
22 728
1334 1829
485 1012
589 1298
1017 1234
1455 2220
1234 2462
987 1712
14 932
2228 2705
484 580
801 837
235 1951
2152 2162
753 764
582 1075
885 2306
1032 1739
720 2463
1107 1323
12 1815
1706 2696
494 2448
526 2444
1279 2609
2182 2220
412 942
1173 1786
625 1280
1155 1451
780 948
1072 1815
1547 1667
350 1436
717 1869
1039 2100
298 2519
272 1699
1295 1726
221 1746
584 2125
405 1712
1632 2117
1430 2314
167 2487
1002 1978
1395 1470
518 761
580 2056
1360 2696
1699 1725
107 2357
813 1378
1102 2553
1714 2540
32 1213
106 2239
2590 2697
265 1636
729 1776
1236 2434
1177 1294
1237 1440
1225 2138
2007 2598
535 621
1362 2324
1354 2403
463 2001
1418 2555
1234 1679
255 2318
298 2249
1777 2601
875 2305
1788 2647
696 1061
314 828
306 2105
552 2664
183 406
664 1773
2241 2245
1742 2056
415 2080
424 1779
2472 2503
2234 2427
203 2279
1746 2173
172 2216
602 1681
861 1452
1373 2407
489 594
493 2637
1522 1642
905 1991
50 473
1527 1820
2496 2540
1194 1326
328 2148
1158 1835
826 870
300 2039
391 2580
373 1492
719 1290
1964 2380
118 2060
1012 2337
1547 2364
588 2144
2088 2658
1130 2169
2192 2564
1710 2556
802 1091
977 1692
481 1653
997 1906
632 1415
979 2238
1063 2447
192 777
15 659
1581 2382
1638 1946
1061 1262
636 2352
1813 1902
17 363
101 1678
1726 1841
63 1954
1688 1885
2531 2541
2166 2363
841 1868
298 781
226 446
1711 2281
494 1116
1249 2458
120 2184
465 1314
1172 2706
38 44
1648 2480
1581 2239
582 2532
2066 2133
566 1891
832 1815
1005 1289
57 2432
926 1114
12 756
1216 1636
388 1573
2020 2132
10 315
2391 2591
1500 1596
121 732
27 2294
1592 2347
1313 2041
305 1250
359 880
1128 2456
763 2614
1335 1380
1041 1257
2249 2355
419 1861
84 402
387 2516
2130 2215
587 2302
1762 2320
1354 2130
2119 2386
311 1202
136 872
1328 1404
586 1105
1770 1970
746 1292
268 1639
1129 2361
811 1535
458 1680
1037 1176
454 1291
234 2108
1301 1987
1155 1305
783 2531
623 2671
335 2414
29 1353
289 2605
809 2635
469 501
60 1153
925 1534
112 1531
961 2317
984 2114
603 1905
1539 2546
2296 2623
18 2563
1448 1741
1368 2046
464 1003
825 1546
1738 2374
153 1906
360 788
1105 2145
641 913
418 2219
1843 2209
1282 2184
1393 1793
671 1810
362 2141
1186 2130
90 933
120 208
775 996
1345 2232
1729 2250
545 1458
2279 2590
478 1273
1067 1917
65 715
1205 2028
96 1064
810 1297
905 1594
109 405
1070 2580
800 1829
296 2281
707 2351
213 1428
340 364
1173 1588
457 1996
1078 1222
416 2703
945 1645
867 2163
210 2365
1948 2430
400 796
667 2599
490 1081
237 272
84 1367
276 2124
258 924
1245 1966
523 1724
111 396
2360 2649
112 1568
475 1419
894 2083
796 1367
2140 2435
193 1472
252 1643
1289 1813
879 1469
1876 2515
733 1335
1216 1831
102 449
577 832
971 2479
1578 1594
1817 2282
1940 2047
1064 2389
1319 1722
970 1053
1550 2006
747 786
2225 2288
1796 2199
531 2157
685 1560
1249 1561
1206 1492
570 2509
84 2327
272 2418
128 1180
75 78
1674 1833
1629 1659
65 1727
1535 2292
2019 2296
718 2372
879 1211
452 1053
46 2376
882 2212
1380 2452
450 1647
1515 1951
713 2497
1777 2127
650 1435
40 1410
1061 2581
488 1582
1941 2667
1503 2368
174 884
29 393
1256 1692
439 1335
724 1704
2301 2502
1749 2253
1043 1524
1222 2487
333 888
473 690
363 1709
946 2315
935 1028
336 1836
1450 1478
462 584
198 2407
49 175
109 692
1730 2084
1078 1471
922 1611
524 1483
2238 2522
61 210
537 1616
199 2405
1050 1624
1304 2026
414 1884
2157 2659
2297 2499
815 1723
147 872
592 2037
1899 2035
991 1300
2001 2025
169 230
67 1822
245 720
59 2109
795 1843
694 2343
981 1403
1 2023
2463 2506
221 1438
878 2375
325 1779
1260 1694
604 1063
2086 2252
149 2038
636 2051
157 1656
582 2432
437 2403
983 2575
619 1689
597 1402
1476 1750
244 763
502 1651
2249 2365
1115 1456
617 2276
1905 2467
1340 1394
1140 1829
1769 2252
1128 2147
665 1834
1432 2657
1597 1756
765 1857
1171 2415
1283 1891
2162 2562
1948 2231
1473 1934
1951 2399
558 1767
106 1055
466 927
1198 1330
1712 1729
913 961
252 1595
623 1040
1001 2212
1107 1734
1924 2318
1893 2637
1264 2548
479 488
107 834
215 2154
1533 1797
697 1397
543 1910
335 1831
397 2506
119 2542
2070 2697
1656 2013
90 215
1003 1619
2052 2363
853 1302
361 487
223 336
281 1220
1670 2252
50 449
987 2332
1434 2367
581 1503
2156 2659
1176 2386
581 1292
1225 2238
1780 1848
1558 2227
1712 2131
1304 1370
201 458
368 1156
511 1117
1677 2053
700 2278
716 802
1485 2538
209 910
848 1807
391 2349
364 707
989 1223
1513 2076
1163 1495
160 2128
640 1825
670 1963
1477 2161
1338 1624
198 1811
1060 2207
237 2001
1283 2379
941 1330
1560 1842
1284 2384
900 1993
925 2563
793 1117
287 919
316 1125
775 1287
2083 2581
290 719
743 1573
1095 1723
1672 2460
536 1121
470 1390
756 777
428 2070
140 483
141 1477
991 2138
698 1720
1256 1807
1662 1923
1417 1561
1181 2643
269 2087
93 778
145 678
1631 1660
183 897
141 2247
1148 1740
634 1611
1970 2679
161 411
959 1363
1046 1136
328 775
1444 1831
790 1133
765 2696
67 1964
225 2378
290 2626
688 2560
692 2613
393 1775
364 664
348 1285
1832 2194
355 2166
1902 2298
655 2552
796 2618
535 1120
2063 2579
677 1410
1473 1851
944 1578
1291 1658
2404 2405
2485 2577
337 343
1758 2174
25 179
761 1807
2040 2086
84 392
1132 2581
233 997
208 606
146 831
1584 1670
894 1438
391 2616
161 1141
959 2463
406 2525
625 2234
32 1287
310 1889
339 582
1241 2572
1622 2493
834 2409
33 1607
1200 1750
607 2024
645 1001
1130 1160
144 2253
1618 2058
520 1813
260 1204
687 1506
297 1130
274 2506
221 2111
1488 1775
2148 2367
1215 2243
112 427
821 1480
256 363
274 2316
551 2334
711 2196
70 993
361 1493
348 2519
478 1074
577 1698
963 1577
61 1400
1002 1899
300 976
2512 2648
542 808
564 575
2247 2404
795 1368
1271 1313
148 1606
2053 2411
1341 1698
1511 1817
685 2160
1313 2114
452 941
2048 2552
1493 2415
476 1334
1410 2447
2181 2320
1084 2674
2412 2619
2182 2553
61 893
606 1845
2424 2509
823 1775
763 2270
83 1975
1185 1215
1483 2035
1464 2507
846 2341
553 582
127 350
299 609
1283 2546
1643 2479
1797 2455
1419 1544
368 2448
917 1521
20 734
777 2491
2060 2194
231 478
646 1445
232 1274
130 1404
987 1851
154 1604
751 2442
1484 2550
955 2615
219 1730
1032 1627
1284 2634
1422 1623
321 1391
1791 2660
1064 2628
835 2056
382 647
677 2516
184 327
264 2604
995 2325
512 1133
252 1844
74 2193
971 1996
1027 1763
1894 2288
532 2569
2300 2455
1321 1326
2358 2582
403 1345
334 1902
950 1569
613 1193
398 906
1849 2472
2235 2424
2018 2459
802 2034
870 1084
1427 1720
1194 1271
833 2407
4 616
164 1795
330 1285
567 1340
911 1352
168 1920
594 1304
1033 2271
213 1731
508 2185
383 1436
818 2049
1724 2132
651 1263
495 1352
672 1899
1046 1154
832 2507
1164 1314
287 903
491 1059
68 231
1080 1111
852 2268
1619 2251
1664 2375
170 2558
301 1143
1146 1515
500 2502
670 1796
1606 1878
255 1398
381 841
562 754
409 2288
1099 1834
173 337
48 401
638 804
860 2328
1211 2598
172 2304
1304 1804
91 520
136 1424
1183 1239
325 388
1429 2480
583 2488
1574 1976
353 383
40 2453
1603 2605
649 2211
314 1713
1882 2337
495 723
1087 2066
452 1477
1603 2324
318 991
306 825
1558 1972
894 1970
1083 2254
816 2547
1680 2608
1290 1734
436 809
148 232
90 1103
2581 2689
64 1996
1439 1794
1202 1605
815 1409
1214 2435
1383 2523
1403 2370
588 2405
114 1539
282 1164
244 1426
625 645
1524 1731
1631 2360
293 701
171 1794
2093 2343
132 1411
1678 2295
1621 2340
406 2281
1393 2643
1142 2580
741 1435
597 727
1700 2394
437 1317
7 1619
1226 2285
230 1281
1195 1291
1061 2108
948 2706
297 1315
406 894
726 846
1524 2013
142 2175
1414 1729
760 900
1346 1491
893 1125
1531 2255
22 931
440 1249
455 1487
334 2454
282 1991
531 2677
755 1434
1001 1365
1094 1129
1282 2054
2050 2503
1618 2639
650 2536
77 1367
1088 1106
256 2560
453 1202
734 1216
1044 2338
1477 1862
608 2219
489 2020
1485 2314
289 2284
1048 1438
120 518
2151 2583
1435 1511
1549 2693
950 2337
2228 2375
1532 2588
692 732
1718 2035
490 620
401 2446
1600 2156
2283 2291
1261 2376
169 1135
1080 2420
1716 2111
106 862
2619 2689
1021 1590
188 1902
320 2006
1379 1753
582 2291
998 1385
779 2683
1142 1163
1233 2148
1032 1129
775 2182
2197 2551
1085 1361
937 2209
1303 1540
95 778
23 794
11 2676
927 1698
277 1951
103 1710
767 1495
1201 1383
1313 1867
698 1796
1122 1886
1493 1708
554 1102
1470 2183
30 1713
468 1179
1391 2415
1064 1121
1086 2161
543 1777
179 1559
2403 2444
1509 1735
338 1523
1012 1708
72 456
2095 2667
1034 1681
1877 2077
76 588
1135 2682
2179 2629
460 569
1373 2225
1495 2138
1454 2147
1650 2655
1353 1363
351 2103
1255 1690
1737 2620
1250 2371
186 324
1549 2664
1714 1838
1743 2240
1132 2530
560 1886
687 809
413 2584
204 443
780 1226
1236 1640
314 2056
1881 2023
280 661
1569 2252
777 1420
205 2599
2172 2317
1461 2707
270 1580
54 2024
179 892
150 336
409 830
120 249
579 2181
1879 2048
751 908
427 2448
459 1583
224 2202
1564 2246
46 782
205 2025
1000 1122
438 2270
284 856
327 1347
1627 2426
1373 1385
490 2442
80 1316
184 1170
584 1648
1381 2287
750 1261
1183 2205
220 1053
39 288
1657 1669
427 1867
240 2197
244 2555
532 547
23 356
200 2381
457 2703
1104 2322
819 2169
2527 2586
1551 2013
2273 2617
538 597
701 1994
577 1784
486 656
847 2197
160 294
975 1273
1595 2538
92 1578
1181 1677
859 873
1006 2306
123 727
1053 2608
2218 2618
886 1866
1061 1658
801 1849
412 535
37 1070
1647 1668
1036 2706
375 1271
5 1514
1479 2180
712 1316
962 2211
1059 1621
375 650
989 1076
2163 2565
312 2386
2226 2499
570 596
742 1712
171 939
257 587
540 2443
2176 2565
1003 1186
617 1927
387 1821
256 2298
1134 1335
610 1839
1341 1519
60 320
134 2243
255 2282
328 1920
1086 1121
201 1769
975 2559
1500 1764
329 1886
290 582
1439 1530
123 871
1585 1791
243 2022
550 2542
504 1515
963 2092
660 1605
54 971
1515 1991
1415 1531
835 2154
1606 1963
457 1182
1011 1474
1268 2476
1365 1759
801 1119
572 1298
1825 2682
639 812
1365 2627
2127 2443
1138 2456
1722 2588
180 469
1337 1607
585 2401
508 837
268 634
355 1205
711 1446
1046 1702
527 1832
1814 2391
861 1856
1917 1933
319 905
1045 1117
110 737
413 1206
638 1991
1060 1621
1003 2247
371 1910
138 1143
719 976
864 2051
368 2016
25 190
153 899
1702 1889
873 2468
873 1018
2148 2664
917 2691
1107 2231
971 1038
116 1375
642 1012
965 2142
70 2332
826 1605
66 960
1124 2252
1754 1788
139 2112
381 1512
661 1996
1529 1658
148 339
1063 1327
263 1324
436 2273
452 1725
157 183
949 2067
1702 2680
466 585
649 2566
740 1311
1276 2549
441 2015
416 1592
470 2665
1194 2648
64 80
206 1265
993 2148
1031 1476
607 1067
2187 2231
118 1090
735 2082
1323 2325
1898 2687
1181 1942
199 1869
493 1787
1324 1569
245 1117
1130 1754
103 533
500 2134
2050 2340
160 1098
565 755
1358 2313
277 893
