1138 2874
95 1601
47 494
506 1424
157 286
662 907
322 2126
248 611
738 1482
402 1479
93 1532
1124 1887
259 2984
901 1676
76 1099
1329 2099
1850 1879
370 2455
128 267
1299 1464
43 783
216 1965
14 438
1247 1733
858 1538
968 1062
100 637
1166 2766
272 923
278 568
354 703
1896 2362
700 1825
134 310
1009 2049
928 2208
6 1912
147 2597
246 1005
970 987
366 1776
1264 1443
231 1854
1982 2557
190 1829
269 1858
350 1186
634 1896
37 1996
287 574
425 2009
581 1064
47 566
625 1244
1609 1955
1180 1859
523 898
201 2910
1604 2027
1179 3125
50 2044
541 2828
413 1020
722 2462
461 2586
2065 3184
604 1588
659 2981
813 2034
101 1129
437 1016
2283 3081
190 1750
805 1329
185 1367
743 2704
1296 2085
456 695
1815 1921
1247 1278
764 2057
611 2352
1854 3256
616 1859
517 1250
389 1350
98 646
780 1276
167 352
6 2170
2025 2382
3118 3129
1709 3006
245 1371
2072 2483
478 732
1610 1664
830 1812
813 1265
553 584
596 2343
1207 2678
1227 1683
928 1794
1136 2380
965 2141
823 3237
1110 1426
32 1765
79 740
126 3141
1614 3245
384 977
978 2472
743 1384
687 710
590 995
2706 2840
1385 1828
2042 2151
1161 1856
2321 2721
1065 2925
2074 2985
783 1637
991 1589
137 2054
123 438
811 1104
1680 1850
1002 2283
1274 3104
922 1233
965 1662
1135 1462
561 2530
498 2481
427 1198
18 1053
1040 1587
203 1899
584 1907
301 747
366 1858
1520 2488
1803 2640
718 1592
53 1222
53 3165
741 1375
842 1513
58 2572
207 2409
87 519
1508 1613
1195 1685
872 1825
78 2732
922 1614
418 949
221 2365
540 956
358 2027
587 1080
469 1499
835 2700
991 2557
611 826
241 1544
1885 2859
694 1225
590 2647
2283 2343
644 2383
1126 1134
438 1950
154 2215
195 271
89 1074
2571 3145
844 981
1328 1661
1226 1979
859 2361
666 994
1705 3156
326 2754
182 1124
193 863
409 1153
171 937
1582 2416
919 1966
2007 2580
381 692
1081 2027
44 1637
779 835
286 829
191 237
658 1683
683 934
59 2184
898 948
837 1020
791 1894
522 1211
694 1363
1636 2028
445 528
848 865
812 3237
1257 1411
929 1953
1092 2055
47 552
71 2211
1686 3236
1700 2133
36 2986
885 906
9 2630
2095 2671
1179 2551
288 342
2343 2846
830 3131
848 1292
1520 2214
212 3186
932 1967
344 1771
788 918
318 1108
582 2340
767 1788
741 3042
904 1189
471 1227
90 1241
727 1020
304 835
924 1266
212 2009
926 2182
522 904
732 2980
931 1676
625 2407
323 1264
556 2745
1274 1710
45 2443
809 1337
488 1413
416 970
158 460
683 1573
425 2443
300 1758
1006 2011
36 2112
1388 2461
1236 3042
2791 2851
14 2136
700 2162
310 747
1180 3192
653 1572
42 721
818 1301
278 2729
766 978
749 952
1884 3187
726 733
1221 2034
384 685
292 812
267 2687
888 1537
828 1743
111 3159
290 1391
430 3079
1917 1946
235 1244
541 1240
1008 1190
2775 2859
1817 1977
737 1598
899 2600
251 1142
1306 1522
1519 1924
468 2706
1661 2483
1758 2126
658 2099
1722 2036
494 1196
883 945
1496 1725
135 2721
807 1219
170 218
85 108
1008 1696
667 3045
1200 1207
740 1350
2722 2791
1391 2800
2053 2162
691 1381
105 3131
39 1553
862 2123
663 941
808 1015
573 932
1292 1522
1038 1539
396 531
8 2084
148 534
801 2141
148 1982
816 1125
141 920
1688 2211
916 1022
105 1774
431 1889
100 450
172 876
540 883
296 3112
1213 1578
1553 2465
1892 3170
1042 1643
465 2012
693 940
397 2995
230 1432
241 1658
78 3269
47 3122
805 2775
709 1371
478 1522
241 1381
541 2276
379 827
1540 1795
28 201
161 2158
378 3112
377 1218
215 1601
2176 2857
1418 1775
689 711
324 2811
731 2276
208 626
1072 1207
289 416
548 1188
900 981
94 1744
252 3236
255 423
435 902
2430 2827
618 717
1301 1725
1925 2731
1355 1973
1278 2881
1719 2857
1462 2097
601 898
1188 1303
243 505
668 1978
132 486
481 1418
1327 2592
611 1754
1719 2647
1155 3184
1601 2007
292 1093
1628 1661
127 362
1282 1298
1005 1979
2194 2697
269 3123
235 1851
193 1802
277 1534
80 107
215 864
604 629
375 1404
762 1030
901 2768
1236 3245
314 711
1160 1965
835 2116
37 706
880 1277
268 1374
980 2420
930 1092
528 3273
273 691
626 2019
291 582
621 1392
1479 1520
1150 1222
800 1660
1148 2084
124 3188
1795 2584
742 2003
864 1286
324 1159
892 1274
335 1273
724 2076
182 3121
294 1574
685 2408
367 1986
187 996
578 750
765 1186
655 1802
602 3304
598 861
59 1944
1527 2430
1248 2775
263 1829
570 820
215 700
825 1410
1052 1958
844 2792
2133 2300
876 1246
13 214
869 2003
912 1433
1182 1251
234 1683
583 1841
370 3014
126 156
1479 1978
1120 3304
476 2150
461 947
369 452
680 1546
909 3170
298 1091
1138 2208
1115 1651
562 820
2416 2443
749 879
879 2752
673 1243
114 665
1254 1619
181 2062
2056 2840
16 113
1063 3157
568 1145
224 1384
393 1308
840 1771
880 1384
1678 1722
1246 1418
956 1488
6 1749
988 1395
1551 1600
833 1455
264 1204
326 439
1194 2462
1360 2546
532 1889
257 1218
2001 2036
1735 2133
204 1458
1683 1703
54 274
558 1790
410 1102
950 2447
839 2671
754 1031
278 2784
538 669
12 1574
158 953
662 1170
83 935
888 1277
1232 1301
980 2428
704 1414
1153 1797
1224 2084
760 2740
412 621
710 1458
410 606
148 1563
915 2053
785 2037
610 2925
304 1323
406 1357
653 2581
753 2132
599 2203
131 2980
493 3123
717 1572
577 1631
742 1475
1171 1822
1788 2741
167 293
1321 1865
492 1359
1527 1906
442 2135
46 389
456 560
1225 1352
198 2261
853 2597
1066 1858
283 348
119 3294
16 1987
620 2666
977 3022
1089 1139
751 1494
591 1410
631 818
704 2987
1178 1578
262 380
820 2456
829 1953
151 1372
850 1141
650 1819
1196 1222
348 1228
1031 1159
1093 2125
948 1510
33 1020
940 1282
918 1022
569 632
1082 1670
63 1248
1350 2386
2679 2865
834 2077
717 1118
1076 1323
934 981
720 879
1242 2980
72 119
369 1759
850 2243
1892 2093
384 2575
507 2126
887 2134
779 978
476 2585
444 2010
108 1136
90 1031
203 792
453 1239
1706 2386
452 1181
245 1066
385 673
115 2254
1047 2072
279 974
398 643
534 3145
1047 1579
582 2488
26 763
725 1730
1088 2779
2051 2771
996 2054
1925 3145
723 2814
675 1010
433 1173
1476 2985
706 918
723 2131
790 3154
1843 2133
2834 3118
2124 3263
636 2352
1352 1815
396 1289
1125 1295
128 2075
1710 1980
292 802
1093 2741
10 613
686 752
103 2049
1296 1534
674 746
1138 1545
1354 2397
1561 2009
1561 1659
1412 2007
2105 2152
712 919
1516 1979
29 1707
192 533
325 433
1226 1740
322 949
168 1124
193 729
238 799
1013 2033
1002 2058
732 2006
214 1965
208 481
3167 3235
693 1904
35 956
669 1164
643 1550
1432 2123
1251 2097
1169 2641
778 2725
2343 2811
1161 2014
2042 2135
168 316
780 1331
1001 2515
1338 1372
579 1032
887 1665
236 920
2487 2669
528 2791
1412 1798
1456 1709
1587 2462
1423 1960
1488 3211
918 2294
1032 3273
1020 2743
903 1649
392 1643
283 1258
1142 2211
925 2534
146 2766
106 1884
681 2001
334 1136
271 2243
1446 1475
159 1650
15 755
1323 1432
682 1707
1527 2775
739 2741
1030 1248
583 2083
582 3022
62 787
1636 1891
328 778
1230 1515
122 1453
345 1006
448 1476
754 1091
202 1189
256 2630
565 2182
336 1092
925 1220
2383 2874
1507 1803
771 1554
295 810
844 2386
138 1189
272 381
1278 1327
1102 1927
657 1306
1144 2795
1110 1812
1590 2124
198 2722
1901 2284
561 2365
4 476
656 1265
15 1355
320 562
327 1553
269 359
146 2430
931 1173
520 841
277 1306
270 1173
1149 1896
694 799
685 3254
927 1231
508 1345
723 1889
379 782
242 1329
769 866
1054 1087
504 1851
239 2284
1304 2754
1131 1696
1470 2687
2184 2659
886 2740
1819 2119
49 765
1366 1759
234 760
1249 3185
838 3132
289 2047
1900 2131
476 701
2095 2586
499 1303
1552 2137
948 2495
180 889
296 1142
236 1968
903 2641
657 2170
1015 2116
745 789
862 999
1148 1420
333 977
624 2421
1506 2048
811 2852
378 1589
239 706
969 2060
1728 1822
704 1453
1069 1888
839 2243
417 909
2158 2703
263 381
214 1363
1635 1979
494 2383
521 561
623 2739
1227 3218
439 2739
570 1939
807 1146
333 665
494 2980
54 2279
916 1288
406 839
627 1660
784 1737
1108 2647
305 618
127 828
1793 2094
173 2130
533 2000
1932 2077
2076 3211
423 1359
301 537
946 1288
513 2136
769 1226
1171 1638
1736 1844
667 1087
867 1052
1716 2481
354 1987
1408 1829
797 1730
599 1525
627 1090
1500 2173
1008 2214
241 625
181 779
55 1750
15 585
90 680
1705 1759
2137 3188
401 659
608 2026
791 1854
1129 2779
1435 1966
62 3294
1129 2062
418 567
513 1706
1733 3145
641 974
24 888
837 1664
1086 1257
755 3021
611 2924
322 2679
987 1005
724 1313
825 1076
607 1610
204 382
1224 1649
449 2122
641 1704
904 3123
1365 1935
701 1089
1302 1790
585 1076
380 576
1732 2472
627 820
1133 1899
299 1101
2650 3021
2293 2362
1452 2587
186 238
508 1704
1171 1231
193 1286
66 2423
65 1592
174 3129
849 3013
1934 2699
1072 3081
1352 1781
1265 1527
913 1683
195 1767
219 2584
523 658
277 1423
792 915
1394 2186
1169 2125
2010 3121
308 1248
683 1684
122 204
789 1591
685 2267
376 1670
819 1817
582 589
587 983
757 3118
713 2050
1979 2013
425 1301
591 2059
1001 1134
1815 1943
487 1113
576 1325
300 513
843 1895
1394 1853
578 741
767 2161
555 2072
183 3209
856 1736
864 1265
271 1901
9 2950
563 2130
27 2290
310 1141
142 2796
780 785
158 2861
451 1620
569 846
987 1903
292 1189
410 3218
128 304
57 375
599 1412
233 2217
835 2000
1655 1934
1428 2462
163 2150
235 1589
186 1082
230 418
43 1068
1589 1982
2397 3005
1583 1823
605 2652
94 810
369 993
1953 2844
1060 2534
2423 3304
2361 2775
1171 1338
951 1515
883 1832
1619 2026
508 1696
444 2027
2983 3079
199 2693
119 244
436 1708
357 764
512 749
81 423
621 696
1573 2261
1250 1807
328 356
305 626
301 388
1196 1251
1088 3086
266 698
574 701
1348 1918
650 926
1239 1688
500 2035
522 1235
453 1046
1087 2844
350 851
5 217
2078 2652
365 1795
5 2050
738 3236
35 1706
307 669
1644 2593
115 476
947 1664
617 706
1773 3159
98 682
1074 2659
457 1190
1913 2577
596 1222
2112 2481
482 1465
618 1453
1688 1750
551 1188
457 1588
119 1437
1001 2698
1426 2014
770 1194
1043 1864
703 1408
175 1004
635 3304
653 2044
1289 1407
2447 2910
253 2910
2000 2372
713 919
1549 2329
163 403
5 1395
1022 1065
444 1059
153 1248
378 743
818 2237
596 2122
285 1150
1210 1290
922 2677
142 1118
1703 1736
342 1287
487 1943
246 782
1655 2186
1501 1615
425 1259
54 586
981 1569
668 2557
347 1850
804 2774
462 2176
967 1742
1113 1459
346 2495
150 1031
30 533
588 1255
198 434
457 1515
41 89
91 2122
251 1201
1082 3170
1533 2533
652 657
612 949
210 1803
952 1726
506 2796
2260 3192
903 2846
561 2983
494 1506
519 1480
1222 2840
195 254
1306 1353
725 1969
1462 3124
1504 2110
530 556
147 407
1592 1884
80 1086
1160 1286
197 1968
1008 1684
1277 1632
1772 2120
81 806
787 1911
573 1674
2962 3010
1002 1713
899 1138
1206 2421
450 1709
154 821
905 1039
356 1609
1426 2571
111 1605
1280 1851
229 727
180 1879
588 1129
539 1516
803 1945
1161 1325
1531 2408
560 2699
306 2364
2133 2136
659 1128
174 252
1825 2044
81 582
1598 1644
1068 1608
1858 2345
578 1043
1039 3237
1102 1631
1425 2072
111 839
703 2571
1555 1679
231 1924
2986 3014
427 2526
2032 3022
165 766
1298 1749
512 1196
987 1935
182 754
1010 1618
1265 1659
1527 3302
2276 2340
187 871
1360 1699
1248 1661
541 2443
616 834
1967 2084
81 2580
396 1605
1306 2856
445 610
1770 1924
657 1240
256 2081
661 2035
316 1917
684 1194
1210 1529
819 1803
188 2279
591 1146
878 2983
300 414
1649 1655
79 1118
407 453
409 990
150 944
1287 2551
32 220
898 1291
2208 3287
1251 3160
369 526
1121 2037
1828 3159
541 3131
524 937
105 1733
217 1435
13 538
149 2097
72 1829
1291 2557
425 1007
153 1537
638 3304
690 1882
535 1176
621 1237
734 1406
1881 2551
411 684
268 994
1126 2044
659 1115
655 3129
2050 2640
596 1489
2036 3160
1973 2110
241 1537
45 816
711 1978
1413 1742
1155 1774
139 1743
45 2881
554 1321
898 1873
561 2397
1255 1805
95 328
1079 2066
234 2795
1406 2095
387 2338
420 2741
1132 2093
200 2027
588 1901
1077 1153
969 1280
717 722
1678 2130
841 2766
14 378
873 2166
18 1499
49 906
2703 3170
1230 2044
16 68
151 909
630 1763
1060 1635
221 1002
953 1420
70 3175
702 1442
2066 2984
2050 2532
2081 3254
749 3304
1072 1762
365 1726
31 1534
99 2007
71 750
163 3187
751 771
1580 2983
263 1191
1077 1169
535 3192
95 367
2203 2699
1491 1633
589 898
106 1253
426 1549
23 358
1002 1633
373 1206
1309 1823
838 2928
306 764
2137 2652
1313 1527
916 2697
80 423
640 3094
1763 1822
1249 1819
417 738
1271 2010
405 1544
404 2996
376 1912
569 1288
546 1493
271 1496
1704 3156
1412 1753
582 1718
122 3211
303 350
1453 2800
927 3015
1605 2003
1660 2026
545 1619
255 1765
1545 2002
619 861
1817 1924
1116 1899
750 3210
952 1631
13 2290
2 546
335 1904
273 573
227 574
533 1977
172 1718
514 2864
680 1312
496 1152
287 797
1608 1684
1776 2038
499 2394
1061 2167
2865 2925
463 2009
1152 2417
1291 1938
1413 1609
1959 3160
340 1096
863 1662
204 463
211 858
9 1376
245 478
452 846
762 775
2186 2439
111 451
311 1730
1591 2584
139 589
256 1218
511 2586
358 1388
50 423
344 1819
1175 1409
1546 2150
338 1776
1752 1766
1515 1950
1537 2131
1922 2687
55 1053
1912 2593
195 1466
1268 1600
7 1561
691 1334
904 1628
34 897
872 1107
659 2814
1064 2010
330 1578
358 376
1797 3121
1388 1884
1930 1943
1132 2722
609 1846
140 791
934 2042
334 2014
465 1828
330 535
42 1068
1531 2510
801 1975
405 1578
928 2383
70 390
1955 3184
1061 2970
1159 2203
1975 2055
1616 2194
1071 1522
347 1038
712 3015
1187 1402
886 1805
531 2014
108 219
48 3175
130 280
93 2784
2443 2725
1054 1519
1919 2448
334 1146
171 1153
464 2996
1327 1745
1608 1950
1150 1919
952 2442
1859 2345
346 934
202 1090
804 1342
1144 1634
538 1303
1295 2813
1420 2055
365 1663
518 1222
353 548
651 1509
262 1841
79 1903
1966 2571
426 1856
1074 1852
516 2448
1226 2083
638 1771
1198 1820
749 3302
1582 1730
2146 2300
2074 2771
312 1152
157 2658
718 759
568 761
1180 3026
3237 3287
864 2106
727 1802
925 3108
577 2009
257 401
493 2098
1411 1456
63 581
7 2072
506 713
493 1741
256 1907
451 1217
1208 1393
617 1246
53 551
95 2895
1385 2592
835 1385
1619 2010
507 1952
407 1333
1392 1490
1038 1479
73 2401
833 1289
734 1282
1668 2987
82 1601
1133 1233
344 794
128 430
57 646
177 1797
52 1243
887 1662
237 722
309 3253
624 713
472 1939
1508 2977
1659 2687
1175 2401
642 1739
273 2283
88 3175
844 1952
1188 3118
989 1646
58 1663
9 1288
522 2058
181 3268
1644 2597
942 2386
1228 1782
1749 2865
145 252
109 1777
838 924
587 1383
1135 1918
1715 1867
172 1407
603 3112
449 855
941 1930
296 940
33 597
138 155
1289 1884
1138 2746
1188 1743
860 1859
159 1823
481 2186
2200 2704
152 1443
1583 2006
340 2852
89 3159
50 1112
111 464
1418 2362
303 3187
1623 2630
287 2579
748 2321
1970 2132
1569 2712
1195 2435
1251 2260
2869 3007
1822 1921
602 2706
1551 1777
491 1479
1932 3086
1383 2851
566 579
954 1940
45 1068
736 1771
183 1376
609 3015
554 1128
1716 3123
655 1072
1465 2670
6 659
268 2725
156 915
948 1101
1826 3080
391 1737
1074 2481
134 1858
833 1096
2120 2625
945 2741
887 1995
922 1728
449 1534
14 893
1087 2560
771 1655
2167 3041
20 70
607 929
98 1507
582 1317
470 1773
217 1088
821 831
345 406
1337 2443
148 1996
680 3159
773 3129
90 1501
733 2158
80 2386
945 2083
150 2977
388 2531
432 1766
689 2971
37 1982
169 902
601 2124
1263 2317
955 1951
573 2258
794 2237
90 2060
765 1046
747 2341
13 2712
515 2208
953 2372
24 1440
381 2060
937 1152
1711 2647
772 1475
876 1060
528 589
962 1721
62 1207
1997 2167
489 2151
1858 2592
251 3013
364 2004
1062 2237
1201 3304
765 3141
259 2122
686 2112
1219 1428
898 922
34 1170
741 1208
872 1849
828 1101
324 1288
646 1007
566 1538
180 1741
194 1740
1304 2203
245 1213
111 2731
1232 2133
1393 2771
746 3287
1077 2095
1292 1340
47 398
397 876
2466 3302
77 1919
583 1775
555 1368
605 647
246 714
656 2150
625 804
1413 2058
158 392
352 1115
1708 2009
374 490
433 894
862 1263
156 1041
1304 2571
192 856
39 293
274 1854
2150 2237
98 1052
257 704
1623 1900
325 1294
753 1644
605 1175
1682 2895
364 518
424 2530
1742 2062
114 1427
298 1310
276 690
1446 2052
831 2186
461 462
520 1749
976 2983
32 522
2448 2811
1681 2834
156 201
18 362
470 1734
1404 2032
1901 3275
816 1112
1327 1940
130 870
1242 1589
82 1422
1273 2134
2130 3094
1880 2094
1250 1446
888 1079
850 1942
1161 3245
725 2465
8 968
373 374
1711 2587
161 3124
488 1150
1614 1996
49 2464
396 756
969 1737
658 1423
278 295
960 1126
116 274
1235 2174
1870 3304
85 1805
272 1591
1074 2123
1397 1632
101 432
725 1681
994 2669
730 2317
1340 1516
462 2465
121 925
55 788
1020 1978
1244 1292
38 1899
2113 2495
22 549
77 1190
553 2560
712 1367
457 2186
892 1680
510 1381
667 745
117 866
1231 2057
160 812
127 1462
810 1793
825 1590
1725 3029
1047 1926
424 661
1894 2130
1358 1758
6 95
161 714
179 2448
764 1443
835 853
786 1491
111 1011
2133 2641
451 2000
143 1098
426 2137
249 523
20 1635
602 723
1422 3235
1689 1931
42 124
2746 3237
828 2416
506 2428
1329 2722
1920 2530
589 1650
1445 1803
477 541
1901 3167
491 1628
207 228
371 1139
1551 2408
323 780
2072 2551
1987 2027
616 1250
530 946
1255 2589
130 534
631 1749
1342 1683
1082 1180
432 502
334 1211
1805 1969
1127 2060
1461 3236
356 396
293 1260
552 1847
2096 3094
991 1418
725 1900
559 677
229 288
1482 1601
1298 2352
1294 1610
865 2084
422 3269
49 1798
29 86
195 1864
684 1591
197 1599
316 2077
738 2400
711 3129
158 2768
2042 3208
1103 1803
878 2375
907 1960
1299 3007
1331 2132
99 2856
1107 1252
677 1079
310 1734
605 2380
1631 1706
935 1996
1000 2276
167 1643
227 720
346 1333
730 2329
984 1973
18 1527
1887 3022
614 2553
2033 2362
339 1613
710 1623
348 688
148 2581
187 1442
911 1090
1291 1319
1620 1680
986 1608
311 1610
62 2317
278 1252
682 3131
829 2284
583 906
143 256
35 741
572 1479
974 2194
883 1038
293 1120
2120 2594
63 464
948 1104
41 1446
815 1599
542 2110
188 1646
2120 2182
1151 2731
11 2768
462 1426
6 1951
505 2172
1499 1598
295 563
957 2625
1384 2731
197 627
1 179
517 3253
815 2771
1047 1913
2706 3005
247 260
200 1829
381 1854
371 950
657 1118
1217 1966
667 2697
568 1052
1152 2442
257 1266
384 1384
970 1859
415 1381
1651 2435
1244 2038
1357 1651
215 1608
119 2768
1289 1924
2866 3042
1943 2495
1334 2386
319 966
39 1884
79 1859
24 691
269 1041
817 1178
123 853
1991 3081
1136 2467
238 692
1660 2572
1027 2338
1132 1176
2135 2375
428 1215
652 773
887 2057
157 2633
870 1294
727 985
405 964
305 1495
1081 1703
475 1917
593 1790
1561 1873
1858 2917
1102 2743
1329 2075
2699 3156
114 2457
507 789
1235 1961
278 1724
740 2859
1062 1906
4 1879
1341 2587
774 1005
170 1015
619 699
1270 3237
774 1076
232 937
231 322
806 1126
1084 1133
908 2100
84 1428
416 960
2986 3021
678 1861
1016 1409
468 1303
1874 2123
1326 2442
1169 1383
199 473
104 718
886 3188
572 1935
1892 2158
1493 2488
418 579
1815 3208
911 933
173 2771
581 2134
110 1132
630 2895
52 470
1375 1985
2094 2284
307 407
649 2028
158 264
93 1655
1328 1999
1069 1495
36 1041
1529 1765
1189 1674
547 1534
1759 2388
733 1790
1408 2051
100 127
555 3125
820 2732
243 2986
698 2633
515 2338
1107 2362
314 1885
562 2881
2071 2986
224 1294
406 2033
175 1921
1285 2234
28 490
1685 3294
554 1721
1411 1959
649 2600
437 1711
317 514
1051 2652
47 1585
1464 1711
271 1977
699 991
192 641
1086 1397
870 1797
156 1245
650 3124
233 623
958 1508
566 3267
745 1637
1317 1738
657 1434
39 783
136 322
371 1375
160 1132
232 1180
1094 1253
739 1661
166 2078
1047 1450
426 766
1051 3263
608 2495
1151 2586
840 1975
1980 3022
80 3297
774 1651
1008 2380
694 971
52 813
32 942
1627 2168
2540 3237
534 1119
952 1488
786 1871
259 805
1292 2739
583 2076
1806 3218
582 1204
115 1436
1875 1999
120 1749
1610 3007
321 753
182 294
392 977
609 922
1391 1632
434 942
59 2131
479 695
445 3186
1793 2141
501 1192
506 787
507 3108
753 2340
48 1102
1217 1851
648 1333
877 922
975 2283
919 2007
603 997
538 1882
1136 1287
290 714
1232 1967
1636 2149
1388 2495
1198 1903
425 527
1702 1944
90 364
840 1532
1471 2560
17 2514
192 1302
1176 1868
2258 2481
79 902
1852 2141
575 2237
539 563
311 2532
789 965
2169 2722
243 1616
1235 1328
540 1960
1235 1445
1076 1817
105 345
1996 2659
253 977
1013 2097
1299 1450
752 1892
1098 2679
433 999
468 982
811 2983
1921 3192
734 1960
1490 2988
1189 1683
400 664
934 1822
886 2828
1061 1406
744 2133
712 1155
30 1064
494 1170
87 813
304 706
853 991
1899 2741
484 981
327 473
1060 2058
1363 1744
771 970
655 1016
1987 2791
135 2137
1006 2007
254 287
932 2448
1229 1581
290 1819
139 383
217 1220
880 3123
742 1333
1986 3010
469 1510
521 2577
1765 2771
124 1456
2439 3049
58 1240
545 1089
1185 1987
1295 2019
1266 1563
1116 1773
590 1187
608 1280
527 1793
465 2032
843 1452
139 1680
1301 2033
1189 1520
63 441
885 2049
948 2587
1919 2027
1094 1773
976 1572
287 424
1717 2677
1011 1207
1398 2407
1044 1635
1730 2133
834 1703
770 1829
222 490
2917 3186
578 1554
214 3121
344 411
1870 1922
1710 1870
605 1452
222 1614
1084 1750
1258 2048
352 687
462 1014
1853 1945
415 483
1043 2010
248 2560
415 2658
1283 2768
502 574
2639 2924
1063 1437
24 717
1904 2851
867 1386
759 1288
465 1913
189 832
2036 2532
175 729
361 1092
1102 3184
2928 3005
449 1464
368 543
1422 1475
2401 2774
993 2005
620 1019
503 2540
927 2084
391 663
63 311
1331 1420
807 1554
1101 1192
385 2858
1662 2096
1084 1144
1054 1148
521 1237
440 796
1614 2442
153 1003
1282 1381
182 374
518 2152
1244 2708
421 1274
355 1730
1753 2237
1580 1886
902 1631
25 152
39 2988
17 611
584 2698
1686 2082
386 1344
8 622
261 396
345 875
1053 1714
98 2362
1244 1931
969 1668
278 3211
679 755
1062 2364
229 1341
929 2793
432 1475
1660 2048
362 1228
666 2732
86 1161
534 1355
502 1481
1899 2693
851 2343
1550 2140
924 1491
1372 1904
494 2186
770 1682
1766 2828
1881 2388
669 926
1 965
617 2037
1470 1647
785 1173
960 2254
259 2679
735 996
103 1133
941 1772
508 1925
1240 1728
655 1080
908 928
864 939
127 916
1300 2586
407 817
140 314
540 2019
2560 2811
430 2291
1227 1919
201 1257
115 821
790 1737
12 1422
1134 1987
1101 2058
968 1922
951 2300
842 932
587 1875
2495 2704
263 919
426 2986
312 1555
990 2417
1218 1865
555 923
111 2858
1013 1074
798 1288
1418 1820
165 1713
942 2467
737 860
1875 2881
247 1413
318 1939
209 1005
1766 2208
350 2624
950 989
569 1765
539 2928
630 2003
1059 1215
63 296
1280 1482
454 2706
70 1587
443 3211
452 1247
267 1278
2166 2746
655 2361
141 1007
145 836
645 1287
2032 2078
703 1898
440 982
181 2085
71 1959
717 1712
1635 1798
126 2107
2258 2447
353 463
925 2131
1623 1685
664 1860
1141 2293
1246 2057
18 814
374 494
243 1232
1931 2846
180 1686
1788 2290
648 1715
650 1335
920 1986
1084 1703
782 1946
720 1308
981 1588
1875 2857
1127 1158
390 2005
1088 1493
93 1458
574 1656
14 1822
1271 2395
298 1365
462 2546
115 464
5 2345
1413 2082
616 1379
399 3104
158 681
243 687
494 1803
941 1283
367 1765
720 1301
355 1978
210 722
516 2158
402 1709
1213 1767
323 1359
1968 2708
840 1853
789 1255
2004 2442
147 2571
468 504
768 1639
563 1578
288 1000
619 1131
244 753
85 1359
437 1344
1266 1359
215 350
1574 1709
566 670
312 351
1410 1534
776 1670
1129 2984
85 318
1458 1504
1189 2917
424 1579
95 2840
398 696
1265 1402
1379 2865
642 751
217 1357
1096 1911
515 1681
1871 3006
334 1265
1550 2928
356 1737
41 1539
1334 1607
1107 2058
1304 1805
144 1082
145 279
266 1062
1970 2409
348 1583
1041 2002
1424 1696
209 1906
1464 2725
153 1182
99 423
2072 3005
180 1514
7 537
391 984
53 1404
1153 1313
1038 1257
254 1849
478 1282
61 1851
442 1239
484 2630
521 1098
881 3108
712 2065
453 2096
261 2530
1053 2341
927 1299
215 1354
352 2394
1133 2112
514 2401
257 603
548 1742
2033 2866
682 1097
320 2487
506 1656
572 853
828 1414
139 498
369 387
580 614
79 1342
661 1899
448 1776
383 2594
55 1171
85 136
58 330
595 1247
666 1489
407 1918
412 1968
863 2130
1436 3304
1337 2055
2009 2557
1339 2814
2 401
1063 1917
36 1427
101 2864
81 3175
1266 1906
259 2874
121 1532
1266 2625
813 839
178 1770
633 726
749 821
446 3211
141 2074
1668 1772
1079 1303
156 780
718 1802
1072 2133
42 1200
212 2294
31 562
1424 3145
235 606
703 1300
1906 2002
2075 2203
62 534
1040 1048
500 786
145 532
292 762
91 2075
603 1123
769 2081
436 642
1532 2479
254 1074
846 1149
61 2408
1139 1357
235 351
346 1239
330 860
566 1377
2112 3122
274 354
202 301
764 943
1942 2097
1728 2254
1248 1348
392 839
140 2529
264 2970
449 818
844 2038
386 1141
522 3045
2133 3269
383 1246
653 679
440 1213
150 711
1352 2245
1932 3267
1551 2700
366 657
479 1169
364 2300
174 448
396 3165
220 2587
394 1846
1428 2100
443 925
2465 2950
987 2340
878 2589
305 2098
414 1711
728 786
540 632
585 1289
680 3206
1173 1985
990 2791
124 1112
1179 1252
299 2754
1082 2910
897 1099
126 1658
1124 3184
1349 2084
774 827
33 3218
71 1340
1247 2697
1117 1661
1873 2168
1446 1992
225 2261
569 3306
557 1270
367 2580
1807 3208
308 721
1181 3159
538 605
154 337
33 2981
294 539
796 1902
232 2874
907 1229
851 1540
548 879
417 540
13 3253
146 982
225 2851
528 2962
1579 1951
103 1190
73 1326
829 1028
1366 2746
1088 1166
143 1028
912 1059
1015 3188
1340 2383
508 617
1013 1762
1344 2066
1128 1825
532 1376
321 497
490 1236
22 1235
489 1952
420 2380
186 545
1377 3218
832 1089
622 2120
610 2428
721 1520
2584 2671
1482 3105
872 1128
2466 2698
1432 1995
736 790
1300 1704
1159 2865
44 2852
1476 3029
247 1592
10 2319
1125 3175
323 1508
629 1544
771 898
223 2140
2 1620
295 1005
1366 1758
1042 1519
764 1913
461 1118
2420 3022
203 2013
1127 1149
1744 2161
962 1433
1271 1817
207 1461
1491 1659
5 1858
321 1748
180 1844
509 2208
661 786
1582 2791
1002 1405
71 161
7 878
174 821
569 1440
246 755
1171 1870
48 1858
411 663
647 2678
2132 2386
1317 1337
309 1206
600 706
2928 3129
227 1113
2211 3268
560 2671
84 853
165 216
768 1173
265 983
264 1491
17 1288
410 451
387 578
1295 1339
90 731
969 1376
593 1186
967 2132
1145 2203
1326 2383
239 1059
1252 2161
382 1457
297 1068
862 1681
543 1128
574 2970
1772 1950
790 1696
411 833
643 2032
286 651
1551 3208
26 1124
1177 1414
297 1094
1384 1640
1464 2329
379 1120
324 675
579 1353
326 1406
753 1740
640 1805
864 889
120 3269
263 1977
109 677
1777 1887
595 3186
256 999
580 1254
613 1372
1945 3186
2398 3006
237 2097
1885 2078
246 1031
108 1829
509 741
25 1360
136 216
1515 2398
331 1133
32 465
47 3165
182 493
874 1327
218 1086
614 2321
1090 2708
472 2380
651 789
494 1773
238 581
1242 1465
193 950
925 1295
729 2409
472 2208
328 788
760 2383
774 1508
548 1738
503 3043
782 2035
1451 2409
843 1411
813 2014
650 2171
989 1435
228 695
255 2579
1748 2004
25 108
1381 1900
141 2184
1921 2059
687 2034
178 715
3209 3269
162 897
625 1391
1418 1632
255 1285
844 2462
2134 2648
5 2986
217 1754
327 2394
395 1459
105 246
920 1501
988 1083
324 1841
868 1713
886 1960
1506 1689
1000 1456
640 686
696 2859
1231 1718
570 2372
1961 2784
1317 2214
733 2546
195 747
1066 1912
1289 1716
182 1890
1409 1952
802 1366
610 1629
1682 2874
2098 2182
1459 1656
880 3014
248 1981
871 2013
651 1408
625 1005
1680 3026
904 1488
120 178
30 1635
569 1397
157 3236
670 1013
714 742
270 1028
1507 2659
2572 2793
722 1159
715 1039
1177 1980
736 994
319 475
929 2995
964 2594
229 1103
1259 1290
455 1132
402 689
2291 2345
916 3121
238 616
1579 2038
1053 2131
683 1253
1019 1047
2703 3131
370 2442
1765 3209
661 2372
1942 3275
1081 1944
1381 1846
1623 3229
79 406
265 1289
106 2034
1013 1339
977 1406
1008 2125
611 1894
746 2116
137 1553
85 1406
1507 1887
454 1208
897 2173
306 376
343 1433
519 1004
511 1231
1550 2037
558 1969
280 1213
260 1501
975 2531
1287 1289
381 3013
2365 2586
1288 2456
1015 1196
820 969
1178 1598
123 1446
818 2423
2126 3154
1258 1304
139 862
296 2746
622 1871
241 1404
219 1841
542 2741
966 2430
1590 2254
162 3209
933 996
53 1530
753 1981
517 1435
1640 2067
1553 2001
1608 1679
191 473
304 2124
952 1005
2679 3210
1251 2950
99 1408
1669 2184
470 2481
1173 1210
1358 2526
637 2739
616 2534
449 2962
192 3263
563 1643
1096 1795
690 911
424 1201
357 816
981 2174
179 230
820 1424
1450 1684
365 566
674 1079
341 1546
277 448
504 886
2049 2983
947 2857
1124 2464
763 2375
990 1583
2464 2586
171 3021
782 1299
706 1094
1131 1509
902 1319
304 3188
642 823
932 1821
163 234
73 333
724 1329
1368 2075
1956 2462
1940 3129
1081 3005
107 2659
235 384
561 844
1142 1360
150 637
518 1119
1338 3157
2005 2980
1217 1711
1018 2421
249 862
819 1160
246 3079
50 2827
167 783
739 1843
1361 2642
71 1130
238 444
858 2343
1199 1553
292 1822
873 2655
685 1142
672 1991
417 1670
356 3041
934 2865
655 2792
411 1891
801 3043
159 1516
163 1891
923 977
441 596
1218 2057
607 2132
2176 2931
179 1688
582 1705
1146 1767
530 2774
330 1856
1299 3208
15 669
230 396
842 1381
1441 2741
1068 1280
1211 2113
1195 3259
349 691
1008 1691
1407 3042
301 621
481 2771
28 937
1806 2194
672 2924
111 1405
1488 1944
2194 3187
27 814
210 1628
1022 2828
831 1567
349 885
2037 2100
220 1353
2085 2214
540 542
1257 1704
158 345
299 1077
1134 2456
315 2648
1397 2097
475 1186
4 1255
454 830
306 2079
548 1186
421 1635
1717 2161
17 2420
1243 1355
622 2861
261 2214
1744 2874
689 1803
594 2340
751 2988
812 989
678 2167
150 202
1198 1877
1068 1649
1600 1628
130 1781
359 3187
1173 2111
213 1175
404 3041
163 3267
1140 1742
2540 2679
416 568
567 1668
1009 3208
1609 1980
788 2647
1703 1961
1500 1754
870 885
2024 2461
953 1453
1489 1500
718 2859
680 1257
1317 1901
1158 1441
11 889
609 1712
695 962
735 906
378 833
244 897
941 3043
899 1569
734 1113
881 1880
515 921
429 616
1159 1383
609 1920
457 970
944 2172
2048 3210
816 2813
569 821
693 2171
36 84
134 985
487 595
1987 2925
21 3005
1283 2375
1128 1891
264 2115
909 1985
88 215
550 2140
2116 2171
1263 2487
553 2027
2112 2844
234 762
508 1175
98 2827
968 2169
341 562
277 1776
82 93
354 549
1300 1358
400 862
362 2096
893 1646
916 2666
1924 2981
378 2553
239 869
