169 1737
996 2283
135 2380
236 1390
587 2429
1432 2335
406 1729
1569 2105
323 2047
477 2411
1462 2241
667 1195
299 1545
1769 2024
1310 1553
499 885
280 1364
503 1603
1591 2344
2525 2589
825 2404
441 1465
5 808
1758 2554
98 2288
147 860
376 1590
775 1926
1655 2401
1214 2072
649 1665
573 1650
229 475
526 1641
1203 2259
247 1764
1691 2193
202 2462
1426 1697
246 2324
265 1442
1908 2425
56 325
2668 2700
67 1620
6 737
1723 2446
1002 2415
60 1597
641 930
677 2197
684 1694
518 798
1282 1289
1558 2629
362 2676
2089 2421
1044 1816
1857 2345
393 2512
677 1888
276 1858
299 2671
464 1419
168 566
892 1211
1227 1880
645 2034
1303 1829
898 1524
7 1521
207 2077
384 612
1984 2466
677 956
901 1580
1033 1430
817 2587
1251 1722
1411 1598
459 1423
320 1047
472 733
798 938
1282 1517
276 1234
560 1465
83 155
1665 2370
1636 2268
1698 2269
1295 1821
1089 1239
1146 1696
651 1395
243 772
199 2688
825 1893
155 1372
1580 2586
1569 1891
768 2561
2274 2409
718 1039
468 1435
814 2313
766 1770
663 1530
2378 2443
1812 2258
615 2216
223 1863
1568 1731
501 1214
2100 2501
1548 1986
464 1839
527 2085
610 1011
1881 2088
237 1839
2201 2313
764 964
945 1568
870 1725
699 1969
2236 2479
1455 1719
1884 2546
1399 1452
423 978
1056 2257
669 2208
880 2205
2055 2257
1502 1814
259 859
770 2068
162 701
1828 2060
1306 2198
112 1708
419 1575
533 2301
1262 1591
1090 2400
572 2184
982 2176
924 1720
1795 2328
103 500
549 1352
488 1183
325 2615
173 1904
1935 2230
363 921
1005 1386
421 988
75 1050
231 399
1727 2092
238 1580
570 1888
13 386
171 1283
761 2324
884 1126
766 1775
1628 1656
808 1543
917 1094
424 1810
481 600
580 2293
1480 1834
228 853
427 903
1415 1731
474 902
256 1168
163 1509
1357 2255
1129 2503
639 926
1398 1927
1455 1669
1860 2212
1074 2040
1117 2061
551 2674
1406 2102
147 2219
247 1348
355 1662
838 2238
1512 1676
2326 2652
1011 1583
680 1105
740 1165
1691 2449
789 791
198 1712
1342 2442
835 987
1084 1643
259 1495
1021 1963
405 1770
412 435
1627 2057
1015 2105
870 1588
643 1444
184 1054
456 1920
788 1946
1677 2325
574 2427
123 1706
865 1635
1362 1456
135 654
474 2647
946 1644
78 598
2382 2655
89 1581
128 403
220 2044
319 1970
171 1386
1134 2355
942 1335
1671 1833
673 2062
97 1890
335 2049
1732 2024
2259 2694
1821 1861
1293 2047
1108 2480
212 359
1463 2011
566 1866
418 1754
671 828
743 1791
328 1165
514 1150
2082 2343
214 2679
1075 1817
345 1006
815 1144
475 1586
313 683
1493 1781
645 961
1422 2020
1047 2600
18 2218
1475 2468
1710 2048
39 2125
1820 2407
2247 2320
579 1019
461 1694
1603 1974
805 1530
921 1645
21 486
1795 2201
584 671
173 794
667 2654
822 1465
624 1078
1225 2675
1124 2677
222 1988
1064 1677
26 631
122 2241
1005 1530
773 1733
2183 2217
714 1106
1089 1453
547 1485
508 868
385 2409
427 966
1500 1948
888 1346
921 1572
1525 2418
543 1312
2201 2439
1663 1834
1256 2187
1728 2116
59 1284
1280 1289
718 1179
2019 2172
32 2215
572 979
1654 2440
930 1794
1391 1893
562 782
40 396
314 2253
332 2254
1385 2515
721 1260
1991 2447
637 858
589 1472
169 950
804 2476
901 2331
1653 1782
693 941
1430 2550
1313 1702
372 1000
178 477
727 917
258 1642
1483 1577
603 2353
987 2180
1577 1869
936 1039
1117 1565
991 1260
1529 2451
1227 2706
868 2361
186 2063
477 1644
1307 2584
1291 2591
563 2247
1338 1644
699 2202
699 848
501 2705
610 1914
583 1390
857 1610
821 2592
568 1264
589 2397
900 1234
2080 2302
666 1070
596 1647
1378 2057
743 786
1494 1893
73 834
48 368
16 1725
338 1472
1089 2335
236 1276
991 1022
1933 2593
382 2624
2139 2654
960 1650
1333 1986
224 1786
536 2181
91 773
170 1480
829 1018
714 2570
31 68
559 2624
1084 2185
22 759
57 2581
1653 2415
1066 1535
2414 2614
324 1348
1155 2572
89 2243
2021 2347
361 404
824 898
601 2382
130 265
595 2245
1232 1522
1249 2134
1514 1628
1156 2565
68 352
694 1647
1902 2036
546 621
395 2618
132 1887
1783 1896
536 805
950 1479
319 394
2067 2386
1201 1248
1048 1400
1533 2441
1595 1724
934 2175
768 1563
890 1262
742 1187
282 1360
265 472
76 1678
292 442
219 1532
917 2067
1012 2705
1417 1783
586 1009
415 603
712 1691
1114 2140
347 1081
1133 2138
2327 2328
1667 2093
1468 1821
2410 2479
199 1484
112 1070
1063 1237
1493 2001
1602 2486
646 1324
1119 2072
1399 2378
89 1189
384 1974
2230 2322
906 2459
568 620
500 1222
264 587
315 448
1449 2637
263 1716
650 2108
838 2225
1250 2696
544 2286
1091 2400
788 2126
114 2672
102 539
140 1502
1162 1664
99 639
1125 2162
2081 2647
1011 2025
497 1140
990 1200
972 2707
536 1310
1453 2515
1199 2658
1601 1646
1231 2181
660 2117
658 1429
897 1833
837 1326
221 1590
133 1390
666 2323
1828 2313
223 2477
1559 1753
416 2039
1461 1501
207 694
1308 2317
255 741
1222 2584
870 971
628 1839
469 2272
2019 2076
205 1726
775 1068
605 1856
1561 2427
520 1596
640 2609
1612 2151
541 610
795 1348
30 1344
675 827
1010 2405
1992 2318
711 1768
269 1744
361 2050
5 662
224 2206
46 704
493 804
528 1447
965 1133
506 1334
98 290
385 2688
1364 1705
327 1278
888 1401
113 1667
12 398
1201 2463
296 600
1208 1534
1370 2554
1097 1794
1262 1436
1501 1543
1391 2393
624 2339
143 1929
558 1382
2414 2522
645 691
2070 2664
305 738
2300 2540
1530 2597
1315 1678
540 1675
111 1174
309 1932
198 2353
136 1729
86 601
647 1042
711 2024
1397 2085
2093 2383
868 1448
408 2375
1166 2305
1228 2320
34 2028
175 1116
251 1306
827 1723
1556 1767
1469 1573
1829 1855
1503 1825
678 1106
54 1045
487 2455
77 495
1561 2252
696 1530
654 2282
1720 2305
1429 2302
154 777
112 1482
595 1585
474 2274
1285 1295
329 1704
547 1241
520 1757
663 1972
542 888
1595 1703
713 2648
397 1249
761 934
2279 2440
162 385
114 1443
978 2609
541 1413
1244 2570
960 2017
938 2441
322 769
1288 2563
720 911
1059 1364
1364 2125
1414 2078
436 2356
1848 2415
452 603
114 1310
686 2126
725 2444
1597 2533
257 2128
1871 2183
812 1698
1527 2128
1714 2595
2050 2225
525 1307
38 630
834 2652
73 1493
493 1425
2581 2674
176 1451
564 576
649 1798
1248 2140
1009 1678
1096 1644
206 943
23 1881
1345 2610
1067 1816
1241 1729
73 1323
290 1889
431 2428
156 1881
2358 2635
531 1237
1012 2545
1977 2445
1767 2194
1184 1220
172 2103
2325 2538
175 676
1 1758
1987 2287
511 1601
1149 1299
1743 1976
1686 2205
448 652
80 2344
1547 1853
435 1178
1058 1281
71 1617
440 2174
411 1151
1476 2394
270 786
620 1035
279 1328
1821 2566
884 2004
1530 2601
99 2272
2435 2614
552 2368
316 697
1245 2037
99 2336
148 1648
1776 2400
907 2341
1158 1754
1484 1532
2300 2683
1592 2116
504 1313
545 585
644 707
1756 2232
1759 2242
2161 2301
472 550
103 1867
465 2251
527 1944
1082 2161
72 1648
1371 2161
327 2557
610 668
2100 2179
751 1438
1653 2067
139 315
946 1889
86 1116
604 972
937 947
267 2256
1103 1264
115 294
178 223
45 818
910 2673
404 2614
534 619
638 2537
984 2427
2030 2510
740 1080
841 2450
416 1486
962 2331
1849 2625
2423 2435
1456 1646
1886 2342
1731 2333
2315 2493
1573 2268
937 1224
327 1527
825 968
2426 2554
63 254
921 1093
1807 2435
1344 2130
1097 2550
619 2123
1212 2679
1123 1266
1569 2405
778 1498
358 1443
21 371
1266 2433
192 923
1869 2539
784 1335
1465 2041
1061 2454
1102 1126
667 1816
464 1646
1039 1980
851 1892
913 2086
44 483
581 782
551 1147
621 1376
948 2124
481 1632
2239 2581
1108 1356
1174 1565
1231 2209
279 817
1679 2220
2583 2600
570 1701
310 1378
261 1096
1011 1096
1200 1409
2036 2367
209 1168
440 2487
920 1046
125 1824
924 1202
635 2607
156 882
1423 2578
518 524
314 1205
117 199
511 1938
998 1341
371 1246
407 1696
81 1211
51 1426
486 859
1108 1330
880 2667
1574 2679
738 1690
17 69
32 2252
833 2656
1814 2078
1419 2499
1536 1987
1478 1729
2319 2580
43 1753
514 589
482 1346
585 1219
579 1522
578 1366
916 1974
2006 2630
1470 2003
393 932
573 977
284 2410
2187 2444
1364 2502
1693 2177
503 2648
1837 2182
1182 2004
295 1871
95 733
278 436
592 913
296 2267
122 1059
1783 2091
723 2015
1680 2571
1373 1860
1042 2231
1105 1928
1821 1915
15 1623
1910 2094
1319 2072
295 874
158 668
2416 2503
2320 2460
691 1663
2142 2447
1920 2589
1415 1597
1658 2476
2240 2647
190 464
727 2351
324 2594
237 730
549 1121
245 1919
1193 1794
791 1074
371 1027
993 2671
1496 2144
635 1466
733 2007
552 2488
875 1517
203 2597
38 400
1514 2460
216 1742
384 2215
543 1088
1637 2597
637 1579
252 1690
1565 1938
343 2449
2123 2553
668 1253
145 926
709 2340
316 722
320 2595
298 1204
1533 2453
19 2694
461 615
430 1126
467 1037
1365 2054
2123 2145
892 1958
1463 2205
216 980
971 1211
1262 2375
1724 2453
1050 1841
510 2515
45 1119
156 1838
1481 2531
642 2565
671 1606
760 2375
1106 2403
717 1486
1386 1610
617 2532
1063 2579
644 2141
795 1268
1945 2514
277 1714
286 470
1399 2060
297 2683
1851 2094
1488 2367
155 1938
539 2322
1514 2060
199 1075
508 1126
1128 2572
210 2563
186 746
961 2304
1178 2473
1027 2673
919 1970
963 1404
787 945
150 1431
557 917
1491 2281
1656 2087
15 1376
920 2479
379 1904
1635 1730
497 2061
1441 2476
2226 2287
1410 1614
1645 2467
373 2693
176 1880
1323 2575
564 1193
817 1614
696 891
855 2533
458 615
1110 1519
317 978
712 1441
755 2031
392 1649
262 835
125 1781
309 1263
483 516
1264 2148
1170 2463
2228 2251
1025 1910
549 1667
1570 1879
1995 2354
1100 2412
193 402
1012 1204
2452 2679
520 2241
2239 2619
66 163
186 1200
1266 1885
1908 2616
343 2138
2003 2279
67 2300
64 2426
68 587
145 2563
106 1386
847 2030
848 2595
2157 2198
885 1292
68 518
204 508
697 2230
1486 2125
1061 1307
786 1831
1727 1947
730 2515
1773 2061
453 2220
401 1647
497 1288
431 2056
807 1762
525 1532
525 762
1312 2114
1013 1625
18 2517
402 938
1298 1435
815 1065
566 1855
269 313
1796 2039
305 2547
687 1675
1020 2351
3 215
484 2243
662 1739
2075 2142
165 1893
2136 2639
1260 2557
745 1652
2148 2485
828 1836
1326 1773
282 1394
1165 2003
244 890
1379 2194
154 446
1297 2371
1835 2332
541 2566
1429 1559
976 2119
2139 2311
1918 2205
493 2481
2261 2431
392 700
1031 1138
716 2617
344 1712
165 1365
368 2421
322 1637
522 1187
331 1429
690 743
105 1794
1193 2567
129 1204
462 818
1284 1429
720 1135
108 507
1917 2651
1315 2016
157 1221
2015 2453
917 2643
1549 1604
1015 2410
213 2048
326 1151
464 1458
1469 2463
92 732
268 1156
1044 2376
1040 2584
524 1362
834 1565
381 2080
1464 2433
498 1334
821 2577
858 925
326 912
147 1889
1047 2316
1103 2056
1082 1861
1171 1979
126 1644
1032 1298
877 2131
662 1902
212 537
1866 1920
300 1159
1285 2322
852 1072
2382 2413
486 2367
464 1105
1330 1937
595 2512
69 1303
1137 2025
507 1846
107 2139
512 1776
2127 2486
84 2624
874 980
92 2372
347 1379
524 1052
1044 2581
251 1326
1017 1588
1115 1814
1226 2479
232 1935
671 2372
296 2139
1272 1449
390 1872
1302 2478
1776 2331
299 761
1279 2551
1192 1968
780 2328
1137 2054
965 2032
606 1579
223 440
423 2478
950 1980
817 1610
313 721
162 1216
2153 2315
900 1780
638 2697
1609 1643
220 372
1709 2158
1379 1567
1573 1903
1393 2555
154 806
580 2373
1584 2062
2284 2682
258 1549
1401 1910
640 862
567 2055
314 665
1834 2344
79 2414
471 1811
39 913
325 504
34 1076
140 296
1009 2691
457 486
84 1042
138 2344
431 2418
69 2668
512 2613
554 748
907 2500
13 836
1231 1246
885 1650
338 1070
2403 2538
693 2333
359 2474
740 1934
474 2680
787 1848
89 941
751 1284
1976 2126
1414 2166
1707 2076
685 1411
1394 2545
1171 1739
353 1568
969 1635
515 1910
259 2325
1373 1478
1098 1399
2030 2367
919 1431
133 393
812 1501
269 937
1150 1471
2163 2452
815 2536
747 1209
531 1232
426 1263
687 2134
36 1278
704 1199
859 1420
1779 1995
1478 1890
294 1702
1295 1861
598 1328
34 2299
744 1354
403 759
1904 2032
408 1271
555 1840
1549 2060
526 1536
656 1260
391 2569
1620 2302
1372 1538
632 2607
565 2582
870 2279
1705 1922
706 1796
1699 2274
1073 1975
418 1130
500 1053
841 1004
1062 1581
519 824
323 2343
88 1447
127 383
327 2141
778 1988
672 2655
2172 2491
650 1811
1246 2095
2020 2287
1057 2548
60 1212
2145 2648
52 2516
894 2133
668 2383
1429 2652
1019 1356
418 924
1446 2591
1955 2328
17 1250
1770 2072
603 1072
287 2270
1880 2657
157 656
1788 2545
1548 2540
612 794
2246 2636
325 914
88 1110
866 1892
261 831
562 2399
1835 1869
376 1807
141 1295
377 1457
1576 1783
1354 1627
1410 2515
815 1544
1030 1094
1419 1428
209 2649
920 1103
122 2344
349 2572
558 1211
863 1897
1372 1737
2117 2261
1352 1684
998 1687
2380 2707
1018 1183
804 1740
219 978
1947 2349
47 69
919 1726
486 1886
1003 1972
632 1063
235 1379
583 1273
955 2310
1013 1991
38 1774
1450 1563
143 1102
715 2384
1944 2093
793 1980
256 1263
1270 2063
321 1992
1599 2349
1199 1496
833 2581
2239 2476
1110 2376
326 2180
431 2552
458 2459
663 1123
11 800
253 1582
1305 1976
696 2643
564 1352
531 800
1217 1384
208 369
1181 1749
1127 2605
2037 2253
1314 2444
1068 2145
209 210
2260 2656
731 1559
991 1866
494 1728
1948 2432
666 1472
1051 1378
1100 1316
1377 1819
1779 1833
1668 2001
849 1603
1078 2127
1857 2674
400 2400
1655 1905
2216 2462
199 516
1746 1938
893 2379
401 1204
58 1981
1290 1485
914 1903
728 819
930 2177
1469 2267
880 1254
925 1059
852 1304
587 693
1368 2179
673 2250
1211 1915
106 980
1378 1490
1002 1627
2145 2639
1834 2166
332 2194
1902 2039
1236 1658
457 2183
894 1044
425 788
857 1695
88 123
382 1489
1475 2454
226 470
178 1150
358 1180
1632 1861
2059 2684
1896 2613
603 2226
464 1454
1642 1663
737 2566
406 2615
187 2182
1562 1928
1054 2000
85 2467
558 2199
958 2407
1594 2086
125 609
301 1139
1166 1565
169 495
29 2066
204 1863
114 1460
579 1475
1994 2704
1356 2278
222 1707
109 741
431 1385
1833 2586
318 2295
551 2627
1767 2177
135 1480
1405 1979
11 1004
1253 2346
798 1368
246 299
1975 2608
147 2423
126 1484
256 1603
655 1698
491 698
294 479
1598 2112
1827 2540
864 2302
486 2244
917 1037
962 1835
626 2476
1632 2664
550 2541
2067 2226
793 1566
1869 2231
623 2045
1327 1946
1409 2541
1187 2406
685 2337
1118 1937
485 1324
955 1172
1048 1847
1690 2424
1346 2505
1310 2706
600 880
1142 1671
642 2356
2100 2151
1568 2112
2252 2476
160 2049
123 888
1110 1605
160 1272
802 1165
64 132
2294 2406
745 1512
116 1723
103 1640
371 2681
402 2196
1620 1902
51 508
1629 2539
553 770
390 1236
320 661
391 1097
2300 2490
931 2319
390 2066
1494 1816
222 2661
244 1597
1291 2291
842 1156
1087 2096
2318 2578
884 1837
208 1095
559 2630
2325 2672
1253 1835
938 2448
924 1677
620 2281
925 1838
109 1815
606 1814
1139 1667
319 1863
32 1234
249 2060
2375 2476
600 2567
238 2202
508 1043
70 2362
514 1215
182 1887
729 732
233 596
1376 2147
1838 2198
1281 1755
1421 2072
1393 2512
604 2253
1651 1732
883 1295
737 1313
320 586
49 408
237 921
1204 2450
1431 2119
275 1078
298 2682
26 2422
382 1134
285 744
1624 2407
719 964
1823 2539
153 239
1784 2379
841 1740
1158 2277
1231 1906
1373 1774
154 2324
1669 2278
1371 2040
1485 1946
801 964
466 1155
488 1525
18 299
1308 1705
554 2374
48 1445
671 907
91 851
477 2335
356 594
119 1448
15 1606
752 2217
1835 1846
1490 1890
143 348
1264 2283
503 927
326 1314
230 1346
320 1610
537 1724
35 1983
1001 2444
450 1156
211 2453
240 2112
1400 2159
582 1056
705 1641
23 662
1829 2439
340 1878
16 2125
19 2104
1678 1980
390 1297
1557 2340
794 2646
1250 1912
1815 1925
1417 1829
1197 1615
961 1039
772 2087
776 802
1750 2091
945 2151
1065 1348
1275 1558
1723 2455
440 2098
1700 2404
515 2381
1462 1611
671 1527
998 2415
2303 2356
1407 1887
1308 1516
776 1386
1088 1598
801 1554
1372 1559
402 2454
58 1831
521 2284
766 1849
1879 2588
1900 2536
270 687
129 1531
152 2222
520 1937
538 1743
589 2297
1684 2272
1127 2403
94 383
2092 2651
851 2644
30 734
889 1907
1276 1311
755 2642
1482 2004
1181 2708
619 2679
952 2059
773 953
72 650
744 1787
239 2502
910 2147
1568 1628
1419 2361
1060 2642
1821 2210
254 2620
112 2284
1933 2511
506 2090
1444 1465
1170 1701
416 2445
199 292
612 2102
859 2527
1963 2292
1189 2161
1245 2672
1051 1890
1337 1461
72 1858
399 581
1052 2629
1246 1958
2411 2604
1202 1986
1675 2147
1582 2086
1579 1660
404 1248
1759 2153
90 961
1358 2450
210 2619
463 744
1472 2015
1300 2635
1565 2025
639 2272
1128 1310
1567 2171
460 1347
59 2161
1556 2512
153 215
585 1262
2378 2485
119 622
881 1184
1491 2558
113 835
786 1555
1498 2485
189 2408
447 523
2005 2626
372 2283
36 2311
537 2153
847 2625
157 884
714 809
680 1566
697 2015
1498 1935
946 1135
401 2111
1447 2058
908 923
369 2157
187 1511
695 2174
416 978
83 346
264 2704
282 2194
577 2694
1782 2593
1777 1925
537 1769
1807 1912
717 1083
436 1710
1458 1744
1736 1958
1709 2274
930 2595
789 1917
184 2231
138 2406
1069 2516
135 579
2192 2662
716 2284
129 152
30 811
41 543
63 131
508 1954
1381 2068
947 2083
749 1244
439 1801
1297 1868
315 2157
58 602
1076 1190
1260 1689
201 2283
91 257
133 1352
801 1180
735 1150
332 1782
2000 2078
762 930
85 215
449 2431
295 1819
568 2340
349 1226
48 1422
1144 1412
768 1971
1827 2561
317 1631
220 651
1714 1860
1353 1886
2166 2454
2212 2549
268 1119
267 1101
564 1420
27 1809
1598 1640
845 984
1555 2275
223 563
1252 1687
368 1078
1514 2370
613 2148
485 2519
193 1544
1465 2134
46 917
690 1334
316 2671
900 1031
172 1455
114 1084
68 435
714 2360
142 1968
726 2329
1912 1966
1843 2630
1717 2555
838 2139
1869 2531
952 1224
537 1551
470 806
1162 1746
301 2642
878 1794
79 2318
547 2104
144 1331
2036 2296
1596 2324
327 818
793 1548
2474 2557
122 2432
228 514
516 1450
478 2422
632 2636
640 806
415 831
617 1133
393 2657
398 1544
1024 2125
1283 1291
1034 2408
520 1497
1407 1764
1171 1231
1425 2117
317 424
630 844
726 2694
824 1820
2614 2691
96 1583
854 2027
540 2266
1545 2627
419 1256
1267 1578
86 2618
661 1067
1138 1707
1781 2287
561 1554
296 2199
152 1560
1064 1617
394 2474
93 1968
2306 2477
1210 1774
454 2378
2148 2593
1618 2279
50 1786
307 1086
274 1026
1042 1681
1380 1764
199 1025
55 625
1852 2525
614 2008
724 1822
1389 2157
1941 2668
491 2395
573 1946
299 2453
1706 1810
721 1539
1122 1937
892 1528
630 1948
492 743
800 922
1588 1942
820 2355
245 1337
432 690
115 1878
711 1729
1937 2004
1947 2185
405 2689
1241 2147
284 2487
594 783
906 2181
1256 1864
200 2178
245 2577
917 1546
578 1376
1118 2181
127 614
1020 2281
725 922
132 835
1869 2055
328 720
601 888
495 770
1533 1617
1283 2468
372 677
1501 1511
1006 1335
609 1371
497 2117
1917 2464
1028 2342
1386 2416
1419 2496
686 1654
1365 1904
148 2510
400 2682
164 2383
490 2656
1058 1270
90 2670
73 742
943 2670
1151 1645
1941 2646
1293 1586
421 604
678 768
702 752
58 1188
1419 1866
1712 1837
187 387
1841 2063
907 2217
1222 1677
688 1402
869 1170
320 485
1068 1844
1923 2185
731 792
183 2081
643 814
73 2258
1390 2008
1066 2238
766 1776
1286 1317
1525 1852
1300 2216
421 1493
1528 2269
552 1550
523 745
889 1215
506 1902
143 698
568 639
531 857
1667 2658
218 1271
596 2367
1190 1892
424 1577
35 167
719 2642
725 2200
705 955
661 836
457 1493
830 1605
721 2334
55 2708
507 991
1269 2317
111 1424
1733 2522
1030 1668
237 1629
2354 2472
523 1820
1119 1363
242 390
34 1782
603 2368
1040 1117
1190 1972
444 1373
200 1313
531 1912
1557 1885
975 1936
734 1576
1788 2254
2214 2325
1366 1769
1086 1615
485 1054
354 1490
392 2371
992 2154
1257 1403
621 1602
665 1004
2022 2441
384 1239
1372 1697
223 2211
752 1213
676 862
1249 2141
886 987
1667 2031
622 2651
816 2687
360 2517
1364 2238
1009 2272
53 1455
13 956
120 1355
503 2623
1235 2545
548 2564
497 538
61 2380
1166 2034
978 1112
742 1465
1519 2294
397 431
646 1191
426 1255
1965 2363
1081 2194
114 1549
1730 2409
486 2420
2222 2282
944 1462
1665 1907
570 829
463 1397
627 1234
144 541
189 1632
465 1812
1909 2566
2159 2354
859 945
1561 1834
1535 2460
246 2536
1186 2371
1312 2075
369 2373
1056 1287
1238 2363
545 1673
1457 2288
77 867
1341 2496
1338 2142
977 1680
1052 2419
649 2192
863 1089
109 611
116 443
784 1960
89 1399
193 1184
19 528
795 1478
760 2453
2176 2616
1247 2416
827 2462
1251 1609
608 2625
581 2306
1601 2197
315 1493
47 2357
1105 1723
126 1988
3 2037
1335 2261
507 2076
141 2686
235 313
373 1531
1325 1569
668 713
215 2236
1689 1909
325 1568
498 1787
1101 1250
162 258
120 735
458 507
256 1270
173 2418
720 2648
502 1122
836 2682
1088 1314
1270 2249
873 2700
952 1515
642 1020
669 1646
1003 1016
528 1814
605 979
307 1335
734 1860
2187 2567
51 733
755 1211
71 1233
1068 2019
1631 2253
13 238
441 1867
2163 2561
324 1034
1438 1544
2154 2397
401 1153
1241 1657
151 1605
444 626
151 1445
1725 1732
396 2428
852 2238
251 2421
485 566
1204 1458
641 2077
132 616
946 1269
1885 2429
2127 2305
1070 2674
979 1541
1622 2628
1272 1929
1337 1794
2027 2223
255 2168
683 2302
740 1562
1172 1556
1423 2599
1836 2138
647 1146
655 2207
228 1550
676 701
625 2046
445 1670
301 859
1895 2166
669 2677
616 2086
884 1234
446 716
2035 2050
1795 2303
180 2032
192 1329
821 2473
1280 1360
724 1547
538 2360
1214 1457
919 936
384 1920
2041 2433
391 1813
392 1516
774 1493
1304 1909
1851 2648
1048 1588
792 2423
81 2413
548 1023
173 2392
1978 2321
1142 2475
912 1816
171 2471
77 1959
601 2167
507 2349
263 641
1008 2462
1689 1871
1486 2647
1571 2511
312 672
46 1463
348 1201
1337 2517
71 594
419 2317
925 1487
93 2199
58 124
1226 1717
325 997
96 2614
494 1050
334 520
2147 2550
2259 2521
980 2043
154 1594
343 403
1016 2192
1417 1488
1090 1689
1017 2620
1412 1455
553 2526
2466 2623
1481 1490
585 619
1626 1893
1590 2320
1530 2084
131 285
1731 2287
407 1409
302 1266
1740 1797
98 676
1357 2661
350 1060
864 2344
667 2283
419 1579
1436 1675
328 793
26 577
319 2508
1018 1196
658 1767
8 723
625 694
324 1070
731 2572
95 2266
1044 1374
331 1479
415 1717
961 1620
63 1971
175 1004
1540 2367
2416 2565
2577 2605
1964 2705
1903 2104
92 1534
525 2503
453 854
2327 2569
306 1692
471 1864
852 1436
1354 1384
1945 2134
137 2630
285 1984
1838 2342
1028 2115
385 1924
996 2207
960 1279
316 2536
1851 2072
150 819
148 1905
318 1592
852 1996
141 2088
170 2515
320 520
118 154
134 812
1026 1338
1409 2285
145 2173
1289 2232
1782 2039
140 783
617 2293
1537 2348
1310 1967
1000 2655
538 1536
534 1130
1499 2394
242 1583
1045 2053
2158 2597
108 229
325 1162
1496 1501
377 689
476 645
760 1344
964 2578
293 2577
536 1637
304 975
600 1612
983 1600
1111 1569
467 1817
1429 1670
1171 2614
2395 2485
519 2425
224 588
323 912
1177 1611
682 1282
317 2320
1541 1894
921 1849
743 1926
55 693
31 1126
832 1059
1417 1585
167 1737
1759 2541
877 1775
208 2115
99 2063
2117 2206
1089 2053
977 2308
1773 1796
284 660
707 1442
315 1160
691 2282
392 478
1379 2608
2473 2523
346 1060
725 1424
1863 2657
212 390
570 2298
733 1337
662 2572
1180 1261
1615 1703
468 2474
824 2043
257 2059
642 2525
520 768
383 1059
866 1058
242 1057
263 1486
540 2673
64 486
1188 1988
1899 2324
362 443
980 1098
2489 2596
222 707
1575 2326
1595 1619
1445 2215
2225 2339
2001 2199
2568 2598
2047 2337
948 1366
1164 1821
29 1040
173 1300
1650 2294
189 1322
10 1607
663 948
1554 1661
1769 2530
69 1270
1965 2055
170 2275
234 1702
1705 2238
115 678
589 1114
133 1150
557 2332
1648 2062
302 2689
1076 1695
1450 1985
646 1539
1008 1489
1019 1951
988 1219
980 1893
993 2086
899 1375
937 2469
1091 2293
867 1863
204 2697
558 2075
737 1346
699 2575
627 2357
1023 1640
955 1342
1230 1954
555 1270
1668 2080
1301 2194
2266 2584
1024 1453
193 2162
758 1988
1205 1391
569 1116
1653 2323
135 2494
231 254
106 520
506 1096
336 903
1276 1593
764 848
992 1826
1517 2404
257 971
2160 2572
1074 2547
715 2093
1227 2581
352 1893
784 1321
47 2369
1018 1878
936 2051
457 2343
645 1873
795 1257
423 450
1073 1086
1101 1371
162 2347
936 1525
1700 1991
289 2408
2542 2678
1486 2007
522 574
462 1899
769 1722
2451 2460
1389 2310
135 735
271 1650
1744 2298
987 2566
1094 1541
125 1487
427 2547
386 1026
1532 2301
496 990
299 1722
85 1172
889 1141
571 2373
125 509
1324 2507
468 999
1783 1965
1117 2282
245 1636
1194 1576
508 2662
148 413
760 2644
1052 2046
898 1906
1303 1496
398 1882
447 2580
90 2627
315 2686
326 643
2183 2619
605 1306
664 870
135 838
1025 1755
2070 2684
621 1604
382 1280
278 1857
54 2080
1191 1996
415 2210
2232 2521
100 1955
421 1231
911 2029
304 1348
1830 2306
767 2280
298 1386
1117 1176
239 2075
2564 2617
2386 2530
226 2358
2450 2599
1369 1412
880 2306
1877 2187
386 1184
486 645
628 2426
2418 2544
284 497
309 923
127 2219
594 2052
28 2686
620 1688
858 2225
143 1212
462 1255
1620 1912
917 1968
1362 2681
1018 1089
879 2510
95 856
123 2318
1795 2614
1711 2028
498 845
1991 2088
852 2045
360 723
253 1815
286 2552
657 2174
132 2697
933 2362
760 2426
263 1792
1202 2083
992 2194
223 1815
157 246
1023 2092
169 2380
1460 1700
817 1333
675 2238
1525 1549
218 2151
595 1292
2449 2639
144 730
1750 2214
1257 2221
630 2142
2006 2389
420 2451
2116 2625
1815 2100
1936 1969
263 642
1741 2651
1919 2173
388 1358
468 957
52 2542
1533 2332
457 1733
276 738
1870 2236
1087 1290
11 1757
853 1656
1204 2053
1260 1889
370 1868
885 2454
768 1692
692 1948
1793 1826
25 2324
1274 2610
589 903
847 2652
26 605
778 1164
1654 2302
1705 2141
4 2571
1796 2132
368 537
257 2252
108 2472
266 1713
1449 1669
120 1428
2315 2503
59 623
800 2308
116 2352
1045 2009
1035 1548
726 1604
285 2192
1086 2547
98 172
302 2267
485 1744
182 1954
1824 2459
832 1761
879 1677
325 1966
1452 2227
1208 1469
1273 1516
727 2181
266 357
2280 2368
265 631
1489 2552
1410 2298
240 1126
76 2163
1520 2415
740 2493
362 2429
732 1324
381 1960
514 2004
370 1247
596 2426
538 2615
292 320
1687 2675
1092 2166
960 1192
1692 2591
316 937
855 1915
1335 1646
507 2296
840 1282
276 2068
807 853
572 582
235 2484
979 1318
481 1010
1536 1562
779 916
394 905
182 1837
349 1044
1791 1888
553 662
327 859
319 2272
687 1523
456 1468
2049 2507
275 621
53 987
1022 2199
1759 1788
39 2537
137 522
1898 1983
79 1020
1675 1691
1009 2708
3 1907
161 202
629 2059
118 1110
1102 1924
272 792
149 1027
28 978
2105 2392
5 634
660 800
766 2583
154 1885
2073 2626
681 1493
1734 2657
458 2006
709 1061
2048 2109
1427 2415
1110 1280
124 194
510 2502
853 2463
1737 2517
866 1926
2575 2589
10 1269
804 1985
118 410
34 2056
800 2114
22 119
637 1798
888 1321
510 1890
257 2612
2467 2586
729 1045
1261 1819
733 2314
346 608
253 575
1093 1125
305 456
798 2418
2349 2588
355 2649
1978 2082
381 2674
2084 2508
136 577
181 192
1160 2198
460 1699
253 1430
479 1868
1259 1527
975 1276
1173 1223
766 2356
1085 1163
447 2192
1672 2030
527 1345
1936 2092
1333 2314
486 1852
872 2310
970 1186
584 1366
607 2004
2045 2214
307 2077
286 1455
604 2607
917 2565
94 1230
649 1463
201 1245
1015 1616
496 630
586 2637
1305 2061
1190 1769
874 1626
998 1427
1741 2033
506 1193
415 2601
405 2261
360 586
408 851
149 1221
120 153
2418 2514
500 2281
578 992
1514 1719
483 1449
1584 2487
1366 1376
1063 1563
933 1478
1593 2293
211 890
676 1278
5 752
38 1749
350 1915
942 990
979 1506
1073 1688
785 1581
1534 1573
503 2705
573 2152
218 2522
1793 2140
492 993
1091 1148
2356 2704
278 704
1753 1976
485 2086
1599 2443
151 2405
1093 2688
251 883
847 2519
390 2153
210 1871
546 932
1814 2488
511 592
68 1448
1178 1547
649 1582
229 2584
778 2091
415 1557
1862 2242
1661 2049
573 926
1150 1424
2170 2327
1012 2587
451 2655
931 2433
85 1564
378 795
758 1717
1562 2165
932 2394
1018 2613
169 1871
908 2637
1536 2443
327 2119
209 1181
1822 2545
260 874
1476 2066
353 1322
791 854
40 860
24 2216
1340 2703
1668 2507
41 1823
2169 2394
1118 2706
403 1498
25 1495
78 165
626 1958
25 860
2651 2691
1841 1871
714 2128
884 956
576 631
1533 1910
68 2694
145 2467
1140 2600
452 2575
824 1081
1247 2246
992 1738
1851 1880
523 769
780 2398
1439 2580
1239 2491
1767 2201
1491 2617
252 2412
1838 2708
490 2454
869 2034
1929 2677
2008 2556
1647 1980
1547 1558
71 2485
466 981
262 1779
408 846
2007 2630
914 1615
704 1971
1780 2002
186 1591
1704 2687
1474 2675
1434 2377
1317 1340
726 1312
764 1299
1569 1699
2317 2405
1419 2363
1224 2233
271 1894
1581 2704
294 1182
1412 2589
1581 1761
1569 2610
290 1709
270 1236
155 1919
1211 1357
235 707
482 539
224 1616
37 1321
467 1694
1283 1487
684 1105
323 512
363 2329
425 2073
578 2605
1001 1788
18 691
400 2500
745 1335
1227 1535
125 2565
427 2011
502 949
325 1710
1009 1676
26 1242
1577 2259
897 2090
719 1593
420 909
1029 1828
1004 2506
239 792
1891 2336
1466 1602
2019 2267
1533 1746
754 2488
2390 2604
607 947
901 1932
943 1480
223 502
2168 2706
200 461
950 2148
243 1439
1742 2687
979 1242
2462 2635
129 1316
786 1730
1074 1830
1234 2210
860 1549
368 1208
690 2299
543 731
1517 1680
922 2280
480 969
1022 2318
463 763
454 2047
1606 1882
1156 2403
19 1872
293 762
746 2548
1645 2316
2206 2626
731 869
223 1064
451 1034
726 1114
1467 1838
570 606
739 2499
830 1076
1498 1816
13 2517
2026 2046
1464 2318
46 456
1988 2315
1877 2590
58 606
2365 2509
1229 2481
929 1591
728 2326
1712 1723
823 1113
1391 1959
50 2577
2099 2631
652 1802
415 443
852 1371
2066 2119
35 734
459 2471
1436 2331
156 643
328 2660
1116 1400
450 988
1144 2466
334 1250
2114 2549
14 1327
126 532
652 1975
1647 2129
846 2648
398 1238
35 1742
1708 1913
747 1166
1125 1633
137 917
343 2234
754 1005
776 917
1078 1820
1209 1548
1077 1816
38 1087
243 1182
1509 1653
2188 2390
1570 2552
252 1299
389 1880
71 1027
701 1190
1642 2486
1673 2609
339 576
59 763
40 1004
481 707
1202 2501
543 1055
1532 2022
1380 1490
440 1624
1500 2568
2306 2312
244 2567
859 2439
2102 2403
203 1611
886 2160
1181 2608
589 1901
1180 2690
698 1977
123 2271
444 949
1473 2294
478 1381
230 1887
333 2124
1434 1469
595 1374
121 1317
1841 2332
855 2379
331 1208
1644 2249
734 2373
108 2499
399 626
314 417
1093 1533
494 2258
404 513
118 1121
487 871
611 2417
771 1383
1041 1967
1666 2099
1241 2509
761 2009
693 2550
246 1814
102 2049
929 1910
1236 2667
556 1894
794 2235
820 2119
874 1456
826 2466
1627 2381
1923 2626
1951 2703
2026 2246
2230 2433
911 1383
676 1148
318 1579
1560 1992
1663 2070
1288 1856
608 1947
520 1903
116 715
387 2205
212 1933
441 1199
579 1056
236 1651
23 2416
107 1723
229 1963
502 877
1319 1466
251 604
747 1980
1598 2506
290 825
758 1341
1585 1711
311 2599
5 1201
385 2364
375 837
532 2142
1241 1726
216 379
1532 2250
222 1033
1337 1880
122 348
699 1697
829 1041
2067 2109
1952 2126
878 1983
799 892
182 1379
1208 1826
105 1284
483 1405
537 717
1273 2177
1872 2349
165 461
1796 1902
1256 1439
218 1729
78 903
2447 2589
1045 1854
92 2209
910 1772
492 1887
188 2296
55 2647
755 1946
1010 2410
1780 2454
1920 2209
1096 1848
997 1588
1836 2455
423 2251
838 2652
531 536
1705 2247
1004 2403
1785 2572
1369 2581
620 1549
449 1442
300 1052
223 1618
1530 2503
1401 2201
1154 1465
417 1116
383 1934
359 1065
631 734
1263 1441
346 1365
1276 2455
786 1607
1907 2417
1891 2329
168 1639
382 547
1203 1458
969 2327
521 1313
1910 1977
1078 2519
1589 2401
2244 2353
2035 2668
1813 2334
430 945
538 2152
480 1359
9 2039
1383 1641
164 2434
715 1358
576 1223
1282 1736
53 1367
2168 2381
1 2044
722 1206
464 2644
1092 2119
666 1690
1551 2234
1304 1441
245 1105
1828 2519
1675 2214
785 1844
1291 2478
942 2559
360 1549
2302 2304
1429 1915
1209 1922
425 2337
328 2253
445 2608
1422 1669
1600 1870
825 2208
151 2043
178 1202
1366 2616
313 1785
1059 1595
1530 2086
749 2116
1648 2601
1972 2146
500 1292
1925 2050
396 2004
659 2272
905 1130
430 724
1398 1403
33 2662
584 1259
1625 2225
549 2348
1173 2624
2172 2546
856 1100
861 979
725 2133
39 992
673 1879
1000 2088
876 1300
1015 1626
1275 1608
32 1739
1832 2138
1758 2398
1135 1224
1362 2652
722 2552
1412 2626
1782 1912
1722 2357
745 1947
213 1264
2212 2305
318 1565
1083 1345
864 1463
242 863
626 1425
297 728
1861 2557
2158 2318
870 1035
176 2531
1408 1936
1578 1851
1013 1148
89 2676
246 2537
1561 2021
1311 2158
1234 1434
1173 2572
2618 2648
1299 2672
1313 1573
892 1434
1651 2341
1005 1483
1290 2078
605 1284
2512 2689
93 747
1136 1275
1116 1472
140 457
1090 1144
514 2615
2460 2479
38 2691
958 2229
398 2502
142 1611
73 1480
811 2519
1096 1945
814 2235
491 2664
414 486
1480 2455
1114 1139
1188 1841
496 1739
747 2656
705 2069
2087 2599
1199 2029
165 2008
1743 2521
1848 2025
2349 2381
39 642
140 1669
560 1033
555 718
1587 2581
1069 1263
2043 2312
1917 2205
124 1211
394 1004
1610 1791
547 1658
1241 1770
1561 1657
823 1417
950 1690
860 2496
1065 2427
747 1066
228 2201
845 898
14 1844
1101 2049
1178 2105
1491 2422
1127 2136
1575 2418
1064 1367
1037 1062
1590 2267
245 1404
292 2129
824 1039
1285 2662
363 2004
25 2456
186 2372
1339 2338
1127 1720
310 511
1786 2313
2070 2279
78 2707
1287 1744
975 1546
1332 1689
1088 1629
1132 2499
90 1258
813 1364
1052 1289
375 1870
811 1993
1184 1647
496 1516
28 443
869 1186
1047 1080
208 314
1328 2245
1275 1783
1104 1558
997 2384
501 2181
139 1458
1185 1521
1417 2499
1456 2452
794 2222
219 1015
582 1815
941 1411
846 1731
789 1838
1555 1824
94 1644
189 1323
1599 2413
378 872
1695 2416
881 2440
331 1211
103 2284
854 907
1714 2435
470 1431
1439 2383
2241 2624
1198 2424
1584 2652
1727 2145
677 2269
1443 1573
685 942
1554 2428
316 1905
1057 2223
1776 2212
79 680
16 2509
830 876
1053 1073
737 1555
1252 2354
230 978
1165 2609
873 1370
2235 2522
2261 2586
254 456
849 907
350 1531
924 1651
369 1732
1159 2170
1286 2238
1706 1942
634 1577
552 2219
1134 1472
806 1469
1019 2013
826 1032
570 615
1231 2651
1988 2357
258 858
2285 2329
69 1551
962 2380
512 1808
825 2450
1509 2542
265 2678
997 1755
2090 2202
2 1983
637 1774
2562 2615
1634 1907
1578 2068
764 1890
1124 1474
243 1160
910 2030
485 1618
945 1071
80 2315
1443 2648
281 2214
1038 2418
1536 2145
249 2208
306 1279
990 1879
1089 1653
820 2423
509 741
1896 2238
538 662
242 2148
2167 2208
420 2390
477 1088
586 1889
612 1522
846 2021
179 1662
917 1004
1244 1951
605 1612
605 2403
423 1830
473 1845
712 1762
1330 1729
1915 2228
1654 2295
2021 2587
822 1326
907 2417
697 1304
327 443
10 2474
1885 2658
1415 2371
53 2000
107 979
1106 2533
63 1075
14 1017
832 2419
439 701
2230 2279
793 1418
1125 1308
422 2435
832 2684
786 1280
122 2706
31 2228
1711 2013
918 2232
416 831
1689 2681
239 558
1789 2134
1355 2292
1563 1823
1811 2057
258 1261
1047 2140
519 1567
309 2428
1234 2049
813 986
784 1517
1457 2454
65 1917
1479 2665
623 677
1488 1793
1050 1804
1716 2204
822 2505
352 2591
55 761
641 2260
293 432
878 2372
1189 2329
766 1822
975 1595
1380 2028
1589 2484
385 1788
451 1251
1121 2392
828 864
1689 1902
838 1704
2200 2311
190 2100
19 2363
1021 2496
1653 2511
554 2175
804 1053
1645 2036
1415 1599
959 1839
707 997
1673 1800
1475 2419
2260 2473
338 1517
565 2612
792 1111
628 1005
171 598
645 1599
1141 2374
431 1872
741 763
609 2407
1385 1586
956 2530
296 2091
1521 1903
2075 2664
695 819
970 2075
153 1994
388 2406
2401 2706
231 1170
594 1259
181 2245
293 1725
930 2235
157 1484
1306 1436
1746 2091
252 1899
236 1214
336 899
1408 2502
836 1487
1024 1142
892 1965
1372 2088
1706 2564
322 395
108 2390
704 2604
1659 2119
2399 2407
780 2341
899 2672
1021 1084
1671 1711
1599 1865
706 1449
1959 2374
1384 2333
1187 2560
1123 2595
