617 2551
412 2428
85 3294
1794 2167
250 460
659 1820
3014 3267
1887 3175
778 1824
264 798
711 1342
330 440
264 403
1549 2467
716 2217
344 1475
1196 1765
303 488
1729 2167
358 2049
370 662
469 1406
2105 2291
12 629
535 542
509 1591
1144 3043
1609 2461
374 1881
398 881
829 1985
1151 1978
1526 2006
225 795
222 803
954 1361
931 1871
968 1897
264 3116
105 3245
3132 3163
1173 1640
1906 2386
27 465
536 2051
451 2107
500 1821
575 1155
650 1063
191 389
316 1224
609 1608
42 888
645 1287
1357 2319
1408 2317
2124 2864
303 920
109 662
379 997
261 843
2540 2857
276 1620
1189 3045
1490 1714
431 1890
1520 2365
906 1027
780 1807
1047 2169
212 1328
562 1377
600 919
811 3186
1895 3086
796 1126
453 1735
1409 2174
409 1126
223 1921
2234 2491
38 455
2792 2861
461 1292
879 2380
2115 2754
796 1716
1180 1546
380 1490
876 1706
528 2047
48 357
445 860
186 1074
172 477
116 310
966 3121
797 1945
1489 2970
1996 2013
1795 2510
872 2284
73 2846
664 2254
484 764
333 2533
88 1108
1926 3125
47 1060
437 1911
46 310
166 2152
439 866
2136 3211
1482 1710
102 2111
127 380
88 255
1117 1354
1404 2401
1376 1944
348 1433
533 931
1722 2383
472 3013
470 799
2160 2746
1141 1188
435 1999
1300 1481
3206 3253
1138 2793
1886 1973
91 155
62 725
1479 1664
2245 3268
33 1208
1101 1435
39 3118
262 1402
515 561
1130 1585
127 989
392 1187
2267 3121
396 716
581 1719
296 1782
346 1719
289 2784
549 661
1282 1656
645 1930
1658 2467
86 644
785 1589
55 2329
690 1344
1822 2125
986 1041
359 2869
489 2795
534 1826
1304 1526
43 1902
169 1456
142 252
535 1038
251 2119
351 1094
123 1235
980 1522
2083 2841
1683 1812
396 2173
1054 1680
378 2641
204 889
841 1329
703 3263
705 1670
73 1059
1510 1985
756 2054
235 504
199 2036
1265 2329
978 1543
1726 1867
432 1875
1283 1718
1794 2553
60 3170
122 685
9 108
473 700
929 1822
637 3094
934 2237
1068 1144
401 753
1178 1413
1417 2892
1776 2438
310 537
364 1353
975 1177
1249 2034
135 885
930 1607
836 2456
186 1583
95 3013
917 1572
1815 2051
1414 2407
445 505
1454 2044
837 1982
518 640
1759 1899
108 1002
500 1840
65 208
605 1772
993 1422
193 262
978 1719
570 1228
1011 2553
1224 2648
809 1552
908 2421
687 3121
1263 3112
469 3206
1375 2739
305 1351
958 1679
499 2170
44 2348
2215 2971
1678 1870
1334 2025
89 2859
244 2067
739 1370
946 1639
1659 3188
313 348
672 2856
704 729
101 1465
413 610
355 382
879 1251
435 796
838 2116
229 1312
1222 3273
1847 2092
77 514
358 528
387 2487
119 483
690 2678
776 1379
921 1510
1089 1192
699 1030
407 1635
981 1951
1952 1968
414 1352
1684 2754
1366 2464
151 2442
140 2395
1546 1615
674 2107
171 1525
131 1317
98 558
1582 2122
65 1871
10 924
92 265
704 2319
819 2075
314 1124
336 871
262 1236
349 1327
1363 1491
635 3044
1104 1608
560 1194
1204 1418
1020 1048
621 702
2924 3268
217 2026
1374 2962
537 1160
2042 2372
96 1803
578 2062
928 1077
1852 3007
1148 2827
1155 3129
78 2766
112 1407
484 994
419 2283
1128 3010
917 1101
1740 3013
2483 2729
346 2841
1402 2003
983 1290
290 304
25 608
1903 2577
389 2996
625 1180
602 1387
969 1735
857 1875
752 851
1538 2004
89 142
1513 2438
395 850
1039 2095
1412 2800
664 1670
726 2531
2721 3163
2447 2986
2491 3306
1465 2048
1650 1668
21 441
187 2514
254 1841
48 1239
774 1730
1079 1270
1128 2395
710 1406
1898 1899
524 746
875 3045
355 886
1537 1591
724 1945
600 3007
1242 1901
364 2557
1443 3229
349 606
360 1150
877 1771
487 1828
918 1540
202 830
324 1771
787 1676
1286 2487
215 874
161 1334
830 1819
498 3129
800 2467
261 598
245 2054
1233 1945
86 1856
971 1446
627 1696
609 789
858 3010
595 2438
509 1191
493 547
213 228
713 1864
200 1005
83 420
753 784
2254 2745
1770 3015
517 830
623 1370
928 2397
1099 1945
705 1824
1185 1581
34 3116
698 2049
976 1881
1471 2005
2668 3184
1996 2693
450 1289
2158 2510
1187 2625
508 1131
827 1616
285 405
130 883
624 1882
1076 1574
417 1763
1177 1820
1171 1822
574 1226
391 1098
1217 1951
881 1285
798 1335
2419 2752
495 1927
503 953
2042 2670
952 1945
688 2173
1237 1867
626 1482
1713 1844
495 1689
835 1685
361 2540
114 528
868 1245
991 2658
509 2745
956 2540
385 421
821 1935
261 1370
375 392
1610 2140
1115 1897
883 2364
81 528
1540 1707
1249 2983
707 2171
715 2687
1248 1360
11 2317
1746 2394
148 660
236 1341
61 2032
1230 1412
318 2472
551 1538
2375 2408
1002 1762
14 157
788 1956
198 3167
1074 3145
339 2409
613 886
1196 1966
661 772
609 1116
858 2026
1 101
508 1009
113 559
929 1093
194 1436
1038 1670
645 658
816 3122
201 2078
705 1605
975 2526
1151 1949
1540 1943
2001 2551
434 949
782 1999
1466 1888
940 1658
583 1101
775 2852
1018 2073
2466 2984
493 2472
158 3141
175 2775
704 1213
580 1197
261 733
1342 2166
764 875
909 3229
24 45
304 2203
45 1450
1005 3185
764 2050
672 1555
732 1004
1741 1847
394 1582
893 1805
1476 2743
338 675
519 893
542 1387
326 1348
162 1684
1216 1436
179 637
833 1527
1142 3184
315 2892
429 1194
2687 3306
379 2594
1204 1465
42 3165
337 2678
292 906
996 3043
426 1418
1875 1977
173 1945
160 2455
18 2284
672 2290
200 2214
516 591
667 1610
674 1286
7 1841
128 1520
420 1996
2044 2655
814 1489
698 710
1519 1632
1306 2133
339 613
1583 3170
1437 1797
262 1355
329 1386
1844 2394
55 210
461 826
257 507
348 665
158 1625
883 2784
232 2708
1128 1371
1715 2443
636 1585
746 1766
1189 2754
886 2745
278 810
237 1195
1015 2793
519 2160
1992 2123
1750 1949
1402 1604
1201 1979
81 2671
482 2532
1527 2075
900 2125
522 1277
1285 2123
138 1466
709 1745
1358 2409
1110 1397
1334 2215
338 1932
230 1358
1555 1996
1326 2408
788 1579
284 1301
439 468
568 1763
1434 1887
249 2352
387 996
1450 1852
402 2924
568 683
748 1669
533 3253
533 653
2375 3306
1513 2099
1407 1970
342 1998
826 1424
1339 1819
488 2182
474 1124
407 2703
1650 1864
214 484
3006 3022
448 858
174 707
892 1295
153 1489
381 1841
1185 1509
548 714
1825 2586
1592 1732
563 583
14 17
425 1418
1623 2348
549 2075
509 1015
564 746
1071 1710
1118 2033
258 583
877 922
1455 2443
24 2082
187 2708
2130 2380
660 2488
11 2133
224 1054
713 1633
273 2300
688 2795
711 1247
1481 1664
247 817
331 1113
319 1640
1686 2457
64 1381
431 2670
218 1739
1066 1358
1258 3175
1748 2107
435 2051
1461 1644
407 1500
1227 3211
117 1099
327 879
1404 1466
266 913
1446 2362
1506 2162
1271 2037
1388 1841
605 902
1531 1726
249 960
665 2741
43 397
313 2840
975 2044
1123 1655
235 240
756 2106
725 1904
1592 1977
1730 1770
1703 3302
1101 2540
64 2697
182 1803
1088 1812
1494 1956
1466 2624
1271 1877
583 1903
96 531
969 1897
1361 1965
194 248
417 1146
264 1009
922 2455
782 1228
846 2135
3154 3187
1718 2136
89 611
713 1841
811 1268
305 782
1805 2014
1719 1996
1462 2110
950 2844
1616 3211
661 1170
1607 3141
953 2372
357 780
300 647
561 747
1132 1441
219 1428
377 949
1712 2124
110 1379
244 1781
150 653
1561 1591
670 978
1656 3009
893 2066
474 1874
771 1115
411 2182
1766 1992
258 1303
420 1572
211 789
52 2077
892 1402
71 208
390 781
315 604
227 1253
681 2988
988 3263
865 1187
990 1590
1646 2260
82 2722
686 2007
310 1803
361 1102
331 1797
1778 1991
2386 2766
306 1798
2050 2869
857 2055
543 1499
857 1539
714 2438
229 1002
933 1377
426 701
581 2456
1145 1614
1164 2813
648 2984
57 2194
1351 2053
300 547
838 1500
139 1574
568 666
1381 2284
285 1944
316 927
297 3094
877 1592
343 3016
1480 2950
730 1349
1325 1405
2130 2977
862 2700
479 2792
474 1777
453 577
753 1225
105 1610
44 3132
1260 1719
233 805
373 707
1766 2697
1632 1765
788 1898
1417 1643
1828 2115
1092 1366
38 1490
1990 2134
481 2981
1022 2125
925 1198
1931 3132
1247 1852
945 2944
414 1102
214 1455
1014 1130
192 1987
285 2067
278 1394
485 2107
310 1618
1096 3306
345 1904
605 2142
1130 2640
394 2784
831 1712
161 1646
461 1153
162 1388
1145 1952
188 2641
1210 2037
1216 1360
53 579
2215 3118
1099 2467
169 1395
236 1708
497 1255
207 2075
513 1673
1363 1712
988 1412
35 2534
566 2258
729 1887
143 1824
32 2267
1437 2120
257 269
402 575
1828 3163
416 977
370 1215
683 3104
873 1885
606 1225
38 1398
527 1198
107 1326
1101 1578
101 593
1461 1493
1939 2551
1680 2698
292 1979
755 1782
342 1748
1290 2481
1046 1699
767 1569
2200 2639
1610 1944
584 2402
1253 1459
1351 2113
403 1821
719 1349
1553 1608
35 2793
579 1186
2047 2416
798 1885
758 808
602 1207
1282 2491
53 2704
815 1522
997 2258
663 717
1725 2793
2050 3294
1149 2430
1124 1216
2169 2874
943 1452
1129 1705
989 1925
659 2049
1090 1388
163 1052
847 3042
942 1966
1208 2466
518 765
449 1242
70 1981
440 1871
11 3108
412 3160
1370 2162
1357 2983
391 1353
452 1248
905 1342
241 592
354 2317
632 1338
588 920
149 2160
327 1074
58 295
835 1991
108 1943
2083 2243
388 1119
655 1166
87 149
752 943
625 2027
918 2514
456 810
16 2364
723 2386
557 1010
692 810
1215 1258
188 2438
1166 2092
367 1765
1200 1436
366 1480
314 1350
1440 2647
514 3022
1030 1106
1798 1819
1312 1765
1178 1646
640 1421
634 1949
374 1304
729 732
1220 1625
995 1726
200 1351
52 2722
674 1326
1427 1530
653 2697
359 2012
291 1925
150 197
913 1924
426 634
110 1499
271 2112
623 867
106 1551
124 1610
347 1325
170 1736
752 1771
63 1514
360 688
737 1613
2162 2895
861 3175
353 2864
504 1748
346 1191
1540 1683
1058 3005
1613 3268
1166 2677
1244 1860
705 1740
355 2419
815 1129
1426 1752
749 876
1042 1277
980 990
1458 1923
268 1379
34 71
160 283
137 478
1730 2007
410 617
1572 2698
1249 1545
2032 2160
1052 1647
1005 1852
111 1150
1230 2712
1051 1393
449 1958
688 1058
533 1826
1063 1388
645 2277
116 1925
1197 3287
289 412
1790 2647
412 450
1629 2659
1054 1173
765 814
9 247
1849 2013
1853 1945
557 915
473 2400
532 629
368 1859
146 1890
1339 2461
184 1585
122 1138
1128 3206
867 3269
741 814
2 2134
353 2840
1513 2840
981 3229
313 1980
863 2260
224 1241
1441 2811
19 1379
1140 1573
497 2345
818 1527
961 1363
1742 2004
1116 1561
435 1982
1164 1931
299 945
690 1352
915 2036
1708 2057
1173 1466
507 1778
500 1348
648 2254
397 2678
656 2290
796 1737
634 1997
110 1052
194 3302
342 1325
1482 2215
487 2129
881 1488
20 364
796 3122
80 637
1127 1573
980 1649
394 1633
4 570
60 2174
810 1793
285 1592
486 3187
554 860
1065 3041
1200 1394
54 2678
600 1376
721 3159
980 1898
715 3163
723 1476
100 3043
1563 2407
128 223
223 2881
508 1290
551 2416
729 1385
250 1582
35 1185
208 1140
1977 2243
1185 1750
371 1466
1587 3104
1158 2467
2677 2774
2010 2056
10 469
849 3013
569 2584
1699 1921
713 1549
256 648
230 1395
1652 1710
1805 1995
942 1385
694 1770
939 1980
575 2771
1379 2260
1865 2655
1743 1995
983 1112
932 1746
750 2140
424 1729
702 1106
251 1043
1527 2409
755 766
138 747
678 719
893 2448
148 446
971 3263
177 1412
158 784
986 1230
1812 2841
1765 1950
468 537
1225 1249
386 2084
64 761
1274 3118
788 1243
513 596
7 441
153 1870
1968 2741
613 1116
390 1926
604 713
520 1196
1682 1715
329 592
1283 1329
1137 1665
1583 2171
1353 1752
2243 3006
78 1930
707 742
93 3186
135 1338
1018 1086
2059 3044
341 2095
387 746
523 2407
807 3104
1746 1959
146 2290
1639 1718
785 2058
682 2633
704 750
143 2217
99 3010
216 339
479 2420
929 982
318 1500
940 1856
455 1854
8 608
1270 2779
115 1461
586 1649
98 2708
375 1805
835 1052
146 1688
1074 2208
344 1092
333 1891
2140 2491
945 2113
126 2531
1508 3125
689 2841
1629 2044
205 1684
140 1977
295 2775
1149 1986
133 1604
1669 1674
112 294
1527 1959
187 419
101 1221
271 773
2483 3022
1069 1664
782 1490
598 1138
1009 2208
776 1569
183 2077
313 1432
676 1707
606 2073
1148 1295
493 788
144 726
1397 2925
50 911
1028 1152
161 1872
197 336
288 1327
5 1501
171 872
538 1715
223 2112
1605 2669
293 1047
2447 2892
610 1872
733 1812
90 1348
242 499
100 162
803 2004
169 1965
269 1331
847 1387
198 873
684 2234
173 3267
748 1308
828 1874
1703 2300
1079 3044
1918 3015
110 1344
572 2800
2032 2079
1507 1854
685 1007
1752 1892
1076 1351
1148 2321
294 1691
601 687
134 2438
292 1480
809 993
827 955
16 1077
396 1555
273 475
784 3273
1127 1696
36 124
154 495
257 1423
698 1315
573 1753
72 2666
837 2382
944 2846
1355 2013
645 1598
1093 1278
469 1746
1040 1099
1107 1171
282 328
1054 1282
1428 2531
1097 2731
208 1634
1715 1900
736 778
1980 2200
148 1440
978 2658
1550 2122
670 2294
1155 1232
154 948
171 1138
404 2382
613 1895
1179 1885
265 1379
1150 2687
381 753
213 369
545 1668
45 589
1133 1767
918 1287
122 2033
24 1753
1721 2007
330 2488
957 2435
1342 1358
236 665
429 2834
60 253
678 1749
837 1615
507 1290
1239 2466
556 2033
1873 2065
408 1774
830 3229
11 57
2670 3156
2834 3167
752 2593
788 1644
582 1216
751 1766
793 2579
1145 1965
1257 2479
2746 3184
233 925
1216 1794
60 555
276 547
208 2666
1287 2487
1285 1441
1132 1465
1975 2283
382 2001
726 3184
1312 1943
1913 1942
1452 2024
1004 2534
1459 2007
351 2048
1139 2866
1707 3268
1853 3236
557 843
358 1251
92 132
178 2012
691 706
15 961
755 1727
1931 3269
563 826
1131 1985
796 801
508 518
507 1544
799 1812
310 409
788 3192
61 589
43 1759
30 1096
373 988
618 3007
1465 1676
820 1495
1614 2970
1551 2024
1328 1629
40 286
237 268
1008 1188
145 150
287 816
291 2237
350 1737
650 3014
452 746
702 737
644 1295
644 2697
375 2107
200 1366
405 644
381 1877
27 1088
839 1527
316 1651
45 314
610 1423
350 3041
599 1817
2283 2364
111 707
256 2640
1881 2162
1031 2977
854 1185
594 1599
640 2840
681 863
1015 2534
931 1274
1326 3306
925 1644
184 820
379 3026
1466 2650
1525 2784
113 1686
384 1450
258 1871
807 2865
1975 3188
591 1904
393 978
1103 1702
318 2577
412 1116
98 266
133 2924
2026 3159
248 1251
437 2134
96 823
1598 2085
30 1553
1094 2124
814 1054
549 1004
139 387
1231 1874
622 3010
636 741
193 1924
713 1043
401 1826
878 1775
107 2594
559 772
516 740
714 1124
35 427
404 1935
1357 2052
906 1226
25 585
1005 2532
485 2526
285 779
842 1432
561 1046
1680 2158
424 819
590 2386
715 1737
1093 1739
490 2362
238 1967
22 605
237 357
782 1619
359 641
45 1079
530 1145
1282 1921
283 1206
733 1010
1252 1678
197 811
836 876
803 1395
388 616
812 2152
841 1526
1676 2488
1898 2655
62 1507
333 2859
450 489
376 2580
1304 2006
228 1496
321 876
1434 2119
1358 2380
810 1377
1319 1700
259 1350
251 1959
569 1581
636 2551
1410 1782
688 2142
1398 3026
1805 2980
188 805
2553 2754
1064 2407
1251 2928
139 1689
361 2980
1777 2457
171 1144
308 495
385 1340
113 1613
1219 1957
1770 3156
430 2208
369 451
105 2768
597 1822
594 1326
590 1655
229 477
1013 1931
386 1912
1494 3125
1226 2779
366 2130
29 1018
283 1875
985 1222
1509 2036
422 559
508 1980
1239 3237
2065 3211
2054 3306
438 2168
689 1679
295 2168
1491 2679
1018 1841
161 1919
1206 2348
1287 2245
1322 2260
659 1127
1040 1470
304 600
1572 1745
1462 2071
702 1303
387 3263
1161 1333
283 1133
1379 2985
72 3029
729 1475
616 689
304 2026
515 2237
928 2200
1368 2161
219 2464
95 652
82 1987
1301 2184
1176 1703
1546 2001
536 2775
2113 2402
557 737
2834 3188
499 1069
967 1973
205 1721
570 3108
690 1434
1481 2732
1867 1956
1901 2329
619 2874
588 1504
709 808
479 2553
681 2814
921 2703
786 1716
1943 2687
240 1256
99 1361
155 264
445 2721
113 1374
495 2006
726 819
796 2001
1411 2132
903 1254
1028 1132
105 742
497 1952
924 1930
377 566
167 1911
1121 1664
428 596
1724 3245
127 247
1228 1829
182 1770
534 2173
873 1395
1673 2106
1191 1618
503 2048
361 1555
709 2001
531 1634
454 2094
1188 1457
674 858
102 1649
1856 1953
277 1027
92 875
282 1331
88 2846
161 2208
1609 2340
1065 1196
1901 2208
827 2944
362 649
649 1466
826 2284
596 2859
624 1245
507 2386
100 499
1152 1709
842 975
867 2729
456 2038
291 834
237 322
1259 2743
1689 1712
1490 1628
1245 2048
631 1709
938 2283
1370 1973
632 2149
1179 1306
378 2010
925 981
2175 2752
1740 3022
1044 2920
265 1456
204 1488
130 1298
651 883
508 2072
498 2007
275 3080
15 99
1337 2655
337 1466
383 3294
2079 2970
2007 3006
17 1342
800 2666
106 209
1374 1479
1540 2639
17 2985
489 1018
1016 2394
347 1072
2026 2704
240 2479
1274 1354
678 811
1306 2014
1291 2495
1986 3145
2642 3245
2813 2924
687 1824
987 2382
1207 3157
1219 1754
1943 2746
359 734
943 1227
819 2234
1068 1544
502 1613
240 1639
439 1011
386 738
26 111
720 781
797 1253
157 471
247 3263
1200 1256
286 2532
1091 2858
1236 1939
1639 2575
169 1973
138 792
504 3124
1985 3042
1348 2931
1443 2122
2438 2995
2279 3014
1627 2261
316 2382
1691 2011
109 1417
749 1014
981 1292
1721 2931
905 1629
354 1146
564 2708
867 2700
1137 3267
258 1749
757 2428
238 1094
1635 1828
938 1587
916 2668
934 3208
553 1291
2533 3188
1158 1270
46 578
608 2577
496 2345
688 3122
308 851
2107 2983
1543 1894
1762 1877
2000 2169
966 1018
2514 3157
52 1043
1820 2174
1217 1719
1013 1213
2652 2740
262 1895
929 1894
813 2746
2652 2983
385 3014
204 2650
358 2386
945 1490
980 1097
2035 3256
338 2766
250 1088
1044 1852
2169 3043
12 351
1579 2650
636 1661
1665 2791
167 1501
871 2006
568 887
70 961
630 663
317 512
1274 1802
344 2083
725 2741
107 1074
1186 2630
1169 1815
205 987
1083 1537
698 2593
434 2844
242 3007
497 2630
1623 2136
183 265
1043 1519
159 2466
2014 2526
1053 1977
1295 2150
2986 3045
16 1674
127 1076
717 1180
435 1160
285 676
130 1543
503 2009
749 1982
358 1120
484 2950
815 1353
563 851
2417 3245
1241 1555
645 1391
2025 2073
1901 2712
1638 1997
65 96
553 3080
828 1197
705 2036
336 1107
108 133
1385 2215
248 357
1081 1850
588 2467
77 2105
219 581
784 2001
1552 1582
9 267
624 1322
2699 2731
957 1655
546 839
820 1926
40 637
657 1709
127 1118
799 1225
304 684
303 3236
1924 2420
63 188
784 1912
457 735
2071 3170
669 751
1428 3229
231 1550
402 2169
1189 2152
1968 3211
146 3259
606 3186
158 2038
431 433
148 1153
796 1374
1815 2000
224 1670
59 1002
966 1716
167 2395
1494 2858
449 564
1348 2003
209 1616
804 1683
1506 1733
1412 2708
759 1991
150 2828
571 2647
1115 1712
499 589
81 920
1221 2584
763 983
1309 1385
29 757
1058 1479
232 706
1704 2841
317 2161
528 627
2094 2409
1509 1680
598 1051
329 783
769 2510
85 563
337 512
497 2712
368 1762
486 1125
535 1433
1058 1333
907 1973
758 1452
839 2343
676 2024
653 1158
283 2677
1282 1435
599 607
1249 3026
1903 1965
619 2397
794 2169
1655 3294
670 1975
643 1906
688 1126
204 1702
1173 1849
191 814
165 524
371 579
198 2593
1090 1204
1494 3306
1108 1187
139 2116
1766 2487
27 912
1494 2421
825 2461
721 1810
98 3209
758 1052
617 1619
1022 1040
601 1152
1375 2722
1614 2423
418 731
1552 2435
620 3154
514 2044
719 1337
9 2455
121 223
991 997
693 3304
1312 2142
193 1706
231 580
1064 1358
514 837
1361 1365
140 955
569 1187
373 632
534 692
1040 2243
1013 2844
1726 2006
168 1219
1106 1711
213 646
2585 3156
647 3170
261 1235
510 967
976 1079
237 1493
902 1998
1501 2743
20 1955
869 1260
476 876
937 2659
1107 2276
30 370
350 379
1930 2861
87 1765
635 747
279 1865
638 3156
1226 1969
1276 1969
1418 1981
2237 2557
77 1077
313 1662
957 984
354 1081
1155 1776
2093 3211
766 1826
255 1894
641 903
279 835
784 2072
904 1917
1030 1897
558 688
264 2881
543 2581
1069 1101
79 2222
453 1772
386 1733
27 179
617 3044
695 1590
1712 2531
894 1949
1001 1980
1022 1423
1880 2341
343 1500
829 2124
1956 3145
1985 3268
701 934
780 2546
1652 1913
518 710
724 819
961 1251
622 2580
702 789
1342 1979
325 922
2679 3112
65 1051
345 1770
641 1957
286 3236
967 2592
257 1489
58 776
424 489
596 905
1789 3125
310 479
424 683
416 433
825 1158
175 539
52 1440
369 962
1428 1722
311 918
766 1443
588 965
123 3170
213 1027
1000 1922
81 594
1494 1807
1229 3192
153 2019
1177 1451
1052 2466
2834 2984
1299 2291
902 981
526 1763
325 2874
636 1733
1902 3016
999 1661
1408 1806
1133 2098
613 2630
1135 1752
154 783
2013 2074
450 557
399 2321
485 1887
598 2237
996 1930
292 1274
229 438
94 1089
2383 2540
400 2712
205 1634
1231 2729
300 587
376 3275
341 1328
340 408
309 1217
461 1507
839 1890
1042 2162
807 2173
1137 2910
2012 2813
13 1750
2084 2142
189 1421
277 649
952 2465
4 2856
524 1375
2171 2795
436 2007
254 647
1337 2047
433 1038
1689 2130
196 1455
682 1551
1008 1662
1104 1758
2033 2557
690 1230
2217 2981
235 532
1221 2130
148 1736
1044 2182
1781 2124
284 897
1738 2771
264 1120
45 389
1107 2123
17 339
274 1173
463 675
121 2417
513 572
305 1290
20 717
821 1134
237 1306
18 1553
1186 1309
1402 2222
340 730
1020 1650
2006 2970
1458 1707
2917 3304
835 1207
484 2380
347 1031
1201 1443
692 1529
786 1856
79 2858
1206 1689
649 1891
89 351
50 1766
757 1563
344 1627
1133 1216
968 1709
933 1730
354 1798
76 1047
228 1368
1217 2072
221 292
748 1216
812 873
138 3259
104 250
1659 2881
1079 2793
916 1018
139 288
65 2284
397 1054
222 1302
22 3124
512 581
290 2488
533 643
833 1229
1282 2026
964 1793
662 1060
1300 2731
739 1664
151 314
1206 1265
287 2793
558 1921
748 1158
993 1887
834 1127
1668 1879
1519 1969
486 2065
1040 1829
1826 2084
969 1912
574 1631
2166 3185
250 1685
537 769
714 2775
1065 1349
85 1803
354 2245
726 1961
664 1098
1076 3108
941 2082
780 3043
1140 2071
1322 2258
248 512
1152 3154
1264 1678
423 799
169 546
611 1340
2722 3006
264 2743
1534 3275
29 503
676 1526
2375 2650
100 1280
1493 2534
1219 1241
814 3235
279 2869
656 3211
374 779
266 2865
1046 1631
142 1352
381 1317
130 1423
520 846
147 2739
367 560
1717 2575
138 2182
702 948
1054 1094
518 1427
584 2054
802 1213
714 1027
543 1120
1740 3273
831 937
2677 3121
196 603
393 1013
1216 3254
313 1953
801 1260
1471 2168
764 2813
1479 1620
911 1344
1860 1938
1260 2050
1236 1352
397 2133
491 1255
141 1782
1350 1733
2687 2779
794 2171
999 1352
1496 1591
1871 2678
752 878
648 1859
1891 2012
263 2245
842 1375
2057 2725
114 2200
826 2407
1414 2811
80 2866
1009 1019
347 489
418 762
784 1066
1409 2062
605 1164
802 1334
1128 1644
1226 1732
471 2402
475 744
263 2203
846 862
279 1027
47 3175
620 2950
983 2006
604 2073
2408 2669
512 2142
435 2706
573 1520
859 1715
390 1127
1375 3121
616 1069
1943 2865
646 2928
842 1501
1015 2149
1145 1660
1007 1861
253 382
1550 1943
124 1530
936 1259
235 377
611 1427
1465 1717
107 684
1898 2408
1331 1871
903 1708
906 2394
469 2028
29 37
811 2571
385 1243
2115 2343
102 1504
62 136
832 2019
753 1417
1260 2036
322 2382
928 2352
1506 2037
688 713
121 994
571 1890
689 3236
49 497
119 181
1379 1625
7 1601
600 790
417 1370
534 670
455 2348
1507 2397
1224 1649
522 1725
645 2113
236 699
1738 2510
1985 2004
929 1634
331 1204
554 1889
2 144
800 1081
638 3105
98 668
667 815
308 2208
1300 2447
1810 2869
2409 3079
70 424
1043 2096
548 679
726 1673
724 2553
657 1368
657 1375
1276 2050
827 2600
567 1149
1233 1894
833 1322
65 2671
643 1970
441 790
181 612
334 2100
402 2058
147 1665
821 822
1198 2698
425 848
866 1707
503 991
336 1795
428 2420
2479 2652
735 1544
971 1249
117 1770
988 1898
47 787
2062 2592
1088 2395
222 881
1317 2401
184 2461
1150 1292
193 1358
238 484
29 565
1684 1872
91 1912
346 2800
1766 2038
7 2283
156 857
1719 2706
1579 2791
7 645
563 752
1489 2419
44 420
642 1546
237 1803
1138 2294
616 779
92 1384
1371 2529
35 2130
1220 2703
330 962
1686 2464
769 1146
417 812
180 696
875 2025
131 1614
40 1743
62 1840
2729 2793
612 1496
212 2104
227 1044
1047 1748
131 1453
978 1131
1628 2586
456 886
1923 2119
558 2540
367 1852
618 819
301 1345
93 501
1072 1211
2132 2455
1391 1527
140 1824
1499 2169
1782 1805
680 800
246 449
761 893
1089 1340
782 1062
1260 1422
555 2094
1327 2592
623 2071
461 1076
1019 1291
121 726
970 1386
57 2097
1164 1534
24 795
205 1871
857 1270
34 653
1745 2924
245 1032
962 2162
637 2593
89 2592
87 1663
1554 3080
754 1825
1918 2647
1824 1832
679 770
27 1573
282 1590
1501 1592
602 1777
1020 1239
4 1770
1446 1709
482 1631
488 1161
562 1006
680 1299
451 2182
88 1710
11 1942
379 1009
17 1549
2533 2553
1044 1210
571 908
1803 2284
630 2293
700 2526
1285 1344
621 942
1009 1705
817 2642
51 526
325 2408
50 2075
1411 1458
1806 1956
357 1513
598 2283
2510 3108
2037 2059
131 1620
1619 2106
981 1579
103 2419
1874 2341
280 350
919 1902
1853 3125
657 1610
45 1206
829 1644
91 3167
238 2774
1191 2044
409 3016
2055 2981
241 637
714 822
291 3108
221 1743
522 1762
1432 2579
1393 3275
2150 2732
321 2741
605 3163
670 1213
138 2099
712 3122
1704 2048
634 1408
117 1516
371 667
1322 1978
594 2430
488 1931
1881 2028
337 2421
1464 1952
2290 2439
1355 2243
927 1628
182 1053
250 979
733 1772
1604 3269
27 82
1407 2037
378 1619
978 1513
1276 1553
427 1506
283 498
11 593
183 348
1259 1376
900 3159
1482 1684
1538 3007
251 1864
848 1841
579 1064
642 991
934 1457
1196 2466
1600 2920
704 849
215 763
1815 2047
911 1475
382 503
3005 3006
188 1999
513 2487
1151 2160
1490 2093
701 2176
859 1230
854 1138
1661 2033
1069 1746
851 2678
1620 2079
342 1903
344 929
678 1411
1501 2844
642 1355
640 967
78 1352
1048 1829
311 1289
1618 1728
871 1712
45 574
1101 2079
1514 1978
438 2624
1014 1987
1222 2639
2005 2784
460 1363
297 933
989 2005
1802 1997
207 3116
566 580
1135 1213
1567 2321
441 818
202 2085
1088 1658
310 784
605 1286
1843 2211
271 737
1949 3170
272 2401
397 1588
345 2988
1700 2175
1022 2435
477 644
1555 2071
2461 2712
287 1142
102 2300
435 921
1229 1656
34 1852
607 1601
1206 1506
185 768
956 1740
548 850
1117 2624
160 2382
1458 2348
157 519
305 2277
395 2483
394 457
415 3235
2467 3156
361 708
211 1982
323 1461
1282 1386
957 2002
1734 2697
754 1932
1141 1424
154 2693
478 1843
234 1949
2095 2532
271 443
764 1544
380 1867
388 1669
1858 2119
1 377
690 908
140 336
230 1843
122 911
606 2572
300 2624
1068 1513
582 774
1133 3118
2977 3121
1225 2754
229 2650
2002 2980
1773 1990
2126 3042
819 1239
868 2110
2135 2706
1028 3112
971 1691
1236 3157
1581 1939
1317 1824
117 971
772 789
353 1317
796 948
787 1294
313 2290
650 3237
156 162
616 1707
881 1864
252 343
1196 3208
2466 2658
143 430
392 455
1741 2097
562 1179
1276 1917
265 1656
1019 1392
864 1096
873 2137
153 1052
941 1204
1370 1398
1015 2796
178 1515
1333 1868
352 1296
318 656
481 1844
1368 1776
1810 1980
1374 2011
979 2457
162 2586
155 1402
108 630
853 897
725 802
38 284
589 1604
367 1215
570 1422
961 1967
1341 3218
1388 2529
54 187
1718 1942
1795 2986
411 1650
562 1488
1426 2594
813 3145
2036 2495
539 2931
1823 2856
190 721
1044 2659
415 1253
151 1222
479 2013
715 911
42 521
1625 1868
397 766
84 1678
309 3124
800 1342
223 1213
227 1321
238 2049
146 2846
595 2317
889 2800
745 932
155 1164
818 827
445 560
606 1822
899 1824
751 1287
696 2586
49 238
553 793
943 1582
274 837
694 712
131 324
862 1048
1086 2258
553 1257
879 1058
928 979
928 1204
647 1599
818 1587
1417 2134
562 2439
715 1740
300 411
558 847
871 1482
1018 3253
791 1735
532 1506
981 1987
42 417
876 2704
1858 2800
1177 1458
301 701
664 903
234 2234
833 1082
1406 1433
586 2553
121 1817
1077 2395
29 326
1668 2996
757 1349
373 987
1700 2585
396 692
546 733
1123 2059
186 1733
225 2013
2 1841
1042 1699
2593 3188
1990 2784
1688 2217
1351 1634
750 1650
342 1537
451 2510
560 1099
496 2996
636 1957
84 696
215 592
149 1882
623 2774
61 538
471 666
763 2013
19 1710
669 1481
353 1892
897 1052
1563 3122
219 513
3104 3132
315 560
590 1861
1527 2222
1770 2234
1457 1931
728 783
1772 2784
1188 3006
127 430
444 1128
862 1470
809 2058
477 971
278 741
625 1249
823 1044
365 1367
2587 3187
297 2162
860 2146
291 506
24 2844
714 1750
1736 3015
337 2279
747 849
166 288
1229 2587
239 1922
864 3157
677 1689
841 1500
21 1996
6 1090
497 2130
1301 1881
1618 1949
2013 3192
421 1326
536 919
11 71
193 1041
803 3041
231 1499
429 994
559 2343
552 975
333 2944
703 978
150 822
795 2028
888 3043
1975 2074
825 990
875 3141
448 648
1409 2130
421 1689
387 867
316 1283
1821 2186
780 2079
744 1461
218 1221
437 1407
595 2640
294 477
62 1249
514 1533
629 1679
938 2669
490 690
906 1159
265 1435
1173 1707
406 797
923 3184
996 2006
188 1009
623 2416
208 1135
955 1213
161 2125
558 737
645 1328
2704 2983
1709 1895
139 455
1349 1683
1432 1572
152 964
814 2774
1722 1999
1935 2650
2402 2624
2529 3208
1365 1944
381 1510
367 1772
1476 2745
1590 1742
70 2055
288 406
1169 2149
192 887
12 909
1146 2447
2035 3209
147 269
433 486
1637 1856
1 1002
204 2575
892 2082
1886 2161
575 2120
184 2465
1083 2467
719 3145
789 1304
1171 2526
367 2037
996 1417
727 1425
154 1412
385 1847
816 917
155 3175
2279 3269
982 2093
112 987
1689 3016
366 635
150 557
965 1752
491 2584
1338 3273
234 680
759 1853
1404 1952
342 949
842 3256
334 1895
152 996
470 1195
1199 1584
474 3297
652 1119
31 1821
89 1776
1456 1578
1412 1765
1259 1402
481 1291
2119 3269
848 1306
617 997
691 1251
919 1349
289 1493
1475 1810
1341 2722
913 2096
2479 2679
527 1471
780 1422
873 1679
1847 3306
200 1817
2584 2739
3044 3297
137 578
609 979
264 1935
1614 1750
950 1925
789 1480
1638 3156
267 1342
805 1230
1519 1688
660 2846
1288 1550
2276 3160
258 867
259 2027
755 2983
77 1208
389 1592
1982 2131
1673 3080
864 1619
220 1901
265 715
1290 3159
1176 1772
88 2122
849 1504
1750 2386
244 2670
999 1616
227 246
1940 1958
1092 2130
1446 1795
1515 1770
563 2395
183 853
718 2107
364 2575
1404 2051
1725 2721
1805 2217
45 2071
171 1499
930 1248
287 986
1411 1950
1264 2481
1736 1763
165 579
773 2099
66 1189
471 1358
102 1921
941 1525
373 994
1148 2640
1391 1471
104 627
371 676
1079 1397
2162 2766
127 853
953 1020
162 2988
1977 2168
1628 1853
1081 2532
157 1539
646 898
398 1686
878 1208
1913 2037
1385 2834
600 1404
762 2420
655 1337
448 652
2078 2594
2659 2706
400 503
833 1339
551 842
443 3236
854 2828
658 881
1773 1965
1561 1872
500 1201
403 1007
829 2752
306 325
1098 1864
2208 3210
800 1620
645 1891
927 1148
648 1931
622 948
23 320
681 1397
57 1242
44 786
557 2917
573 2059
196 1880
885 2560
337 883
138 486
122 364
444 2439
1030 2647
1031 1299
426 2125
527 2766
977 2133
1873 2571
1781 3167
324 658
1730 2551
