9539 9614
9564 9614
9609 9629
9571 9593
9563 9627
9565 9593
9554 9587
9620 9628
9531 9560
9558 9604
9525 9566
9598 9624
9537 9620
9527 9610
9616 9639
9571 9594
9521 9620
9546 9626
9557 9568
9580 9600
9552 9560
9528 9613
9548 9552
9517 9634
9599 9604
9549 9641
9524 9547
9550 9612
9525 9551
9527 9638
9524 9616
9543 9562
9589 9629
9563 9623
9537 9548
9531 9598
9561 9625
9535 9575
9517 9614
9635 9641
9542 9608
9584 9628
9544 9546
9599 9615
9537 9586
9527 9565
9570 9586
9530 9628
9584 9635
9563 9629
9546 9615
9586 9635
9598 9605
9558 9593
9551 9613
9534 9545
9571 9606
9585 9630
9531 9536
9523 9627
9552 9592
9520 9611
9531 9635
9527 9554
9547 9556
9530 9560
9589 9637
9532 9585
9526 9594
9606 9636
9550 9609
9525 9607
9528 9592
9585 9610
9546 9622
9537 9575
9581 9594
9571 9591
9538 9598
9591 9631
9580 9582
9519 9579
9550 9594
9596 9630
9614 9639
9576 9584
9610 9613
9537 9597
9587 9638
9538 9550
9554 9572
9541 9590
9597 9623
9520 9588
9579 9621
9517 9639
9581 9641
9585 9615
9581 9633
9599 9634
9528 9565
9600 9606
9537 9564
9529 9562
9548 9612
9577 9601
9518 9637
9544 9557
9545 9588
9529 9627
9586 9631
9608 9629
9615 9624
9585 9588
9552 9565
9530 9611
9551 9635
9587 9627
9521 9571
9620 9623
9603 9611
9563 9568
9575 9598
9536 9542
