507 2400
980 1258
507 2525
683 2275
1316 1645
1417 1560
693 1228
304 2616
470 1369
147 1258
418 2098
821 829
212 1077
158 1906
1428 1606
1993 2624
656 1016
186 1500
39 970
2578 2693
1223 2406
1553 2499
485 1571
257 972
207 2084
23 781
274 1274
28 1901
838 2319
263 1213
281 1138
1433 2674
284 2156
1302 1742
1974 2422
572 1094
323 575
1497 1719
368 1191
579 1210
1575 2226
1020 2480
1181 2231
608 1986
1009 2662
491 1385
633 2198
344 1767
1660 1749
1970 2246
642 682
21 1450
921 2371
727 818
335 525
2219 2361
1338 1750
289 705
1383 2644
68 1254
509 894
327 724
502 687
1187 1642
1078 2601
649 1301
714 1761
750 2115
1977 2156
1289 2567
1642 2197
488 1210
979 1093
760 1496
979 1854
139 1187
424 1909
1310 2377
917 1409
1475 1941
23 2547
733 1269
1478 2505
39 1513
209 2098
318 1344
707 1925
1005 2348
228 335
2444 2471
487 2197
1442 1970
2153 2360
42 1697
394 2472
953 2694
2443 2568
232 1689
2306 2627
333 931
490 2324
580 903
1195 1212
1491 2371
1658 2262
112 1443
58 1969
57 1717
837 2525
1456 1838
165 1697
2378 2451
693 1595
2129 2159
466 1208
1253 2517
925 2003
360 817
1040 2336
987 1415
31 94
1809 2075
1045 2705
878 2358
1306 2523
1308 1719
1737 2432
174 1619
198 370
1516 2430
1740 2438
1525 2208
48 697
1123 2168
145 1824
296 2418
1119 1695
448 2023
828 1112
137 775
1236 1851
376 1300
503 863
1649 2057
1056 2254
1606 1689
88 664
2124 2292
212 1692
1037 2655
71 1237
436 1880
766 1991
526 1347
221 638
206 398
550 562
44 1643
246 862
131 2449
72 149
1614 2004
897 2377
353 566
207 1746
1173 1596
1944 2435
663 2044
738 1359
133 1158
111 2460
1269 1889
162 1897
406 1940
183 998
379 690
312 2705
70 1146
537 1845
1185 1493
627 643
301 1813
1130 1352
375 1000
452 2321
136 1819
1078 1235
252 1065
1730 2584
817 1031
256 1371
811 1810
232 2075
373 632
148 2232
1294 2591
1830 1900
1816 1891
1580 1693
2283 2545
248 1866
1740 1981
1804 1843
1034 1814
693 2172
545 901
2279 2331
314 2188
2260 2268
1116 2500
6 1686
946 2249
266 806
764 1702
793 1490
99 398
345 739
1222 1650
1639 2422
847 1278
481 1572
1720 1830
454 2024
586 2671
702 836
1361 2312
95 2090
200 1315
2214 2627
880 1368
730 1362
924 1782
678 1979
267 1268
1801 1896
364 2048
319 1454
2294 2372
1037 1188
327 1172
1012 2440
796 1473
182 2506
2098 2487
2081 2479
551 1582
113 843
56 1429
289 1290
2306 2367
53 506
113 1452
611 1864
2134 2141
1402 1594
2004 2555
346 2360
1262 1307
1718 1727
975 1210
29 2183
364 1742
1406 1423
690 2227
752 1272
444 1483
30 300
809 1621
2221 2556
42 617
474 1911
2486 2555
271 400
1404 2662
22 2442
360 553
779 2644
592 2082
1678 2708
34 1585
1194 2025
216 2416
1502 2299
1187 2257
426 934
2204 2628
1814 2039
300 1187
944 1822
345 1539
193 1304
172 2326
700 1089
235 1378
1091 2261
753 1880
413 477
363 2208
1712 2568
1965 2539
327 729
118 1375
1230 2017
1731 2450
373 525
1718 1798
870 1560
535 2218
1019 2595
1043 2241
2050 2185
856 2577
377 1281
246 1405
1186 1415
2283 2547
94 2091
1571 1897
697 1268
487 544
908 1757
767 2340
2192 2304
1423 1544
1311 1431
1342 2598
50 131
285 2505
636 1074
586 2663
972 1360
424 1306
368 389
103 1457
1431 2231
550 2119
1163 1270
654 772
1446 1915
183 2577
1400 2138
884 1137
2324 2583
1130 1969
2271 2664
2380 2670
2153 2673
114 2294
488 857
1184 2349
1281 1749
178 2333
305 778
261 1136
1867 2072
446 700
1307 2590
809 1206
1244 1903
982 1009
2547 2577
174 1530
673 1583
449 2616
405 635
141 568
1472 1600
30 1694
1927 2598
1126 1554
208 1716
383 1535
1242 1429
1140 1143
889 2281
440 2105
638 1023
1476 2453
1390 1816
1171 2590
775 2200
963 2099
1895 2522
1012 1147
2172 2216
1386 2637
231 1300
1716 2496
1424 2360
314 1358
504 1393
1593 2267
1278 2085
1295 1960
510 600
1981 2324
1566 1906
1580 2655
1282 1291
25 1299
15 1550
881 1441
2270 2684
1927 2389
363 1386
464 1551
167 2057
1793 2051
537 2136
967 1551
1499 2180
1091 1308
127 718
771 913
802 1711
824 1861
750 965
1663 2531
1911 2427
1349 1845
45 152
840 2351
1241 2126
204 1037
516 665
643 1601
345 2112
849 2340
824 1035
1316 2229
1732 2605
751 1826
247 948
424 1431
1639 2229
879 2643
101 2319
705 1054
1702 2015
1068 1824
78 2541
953 1842
1444 2096
435 1179
1092 2667
931 1413
1699 2235
1060 1515
1258 1815
1839 2203
9 2352
469 2169
531 2531
220 1023
770 878
868 1737
2125 2536
1231 1521
1330 2694
836 1025
1808 2344
369 2082
188 2468
605 1889
1256 1403
1492 1965
27 2367
207 2460
186 1080
261 2178
2045 2670
314 1099
399 2017
65 589
25 897
1254 1854
24 1129
772 1920
1857 2037
1257 1823
600 1728
186 942
1386 1763
207 1227
1958 1988
495 2019
208 2066
471 1210
1057 1165
1628 2153
39 2003
1701 2156
138 563
712 2452
219 745
752 800
490 1143
1781 2365
67 2301
851 885
105 1039
442 2539
316 812
689 1951
249 2339
826 1922
208 307
699 1345
977 2217
872 2117
513 614
547 1585
478 1578
829 2590
1487 2285
1255 2145
1206 1544
1155 2551
457 2505
704 2018
1449 1926
838 1387
295 300
796 2277
1494 2079
611 992
647 2394
684 2611
928 1974
1131 2479
673 2594
1666 2170
1103 2152
952 2564
1759 2502
1128 2034
150 895
725 1815
625 2090
206 871
1061 2007
1201 1703
1698 1775
2040 2629
2507 2656
1198 2443
1583 1612
335 966
503 2694
910 2129
1996 2246
511 1092
1267 2370
271 969
798 1420
155 796
1788 2287
897 2614
1093 1185
213 776
63 1629
983 1530
842 2069
662 2500
879 2008
1180 2636
13 79
77 410
1584 1755
1307 1419
386 2036
307 2037
1922 2446
480 1822
504 2635
489 534
317 931
1023 1252
1327 1714
346 1398
1 2537
2251 2604
314 2562
2025 2684
2077 2619
1958 2544
905 1010
1605 2532
278 1860
120 634
1393 2277
376 2379
1476 2568
18 2681
1276 1560
1224 1520
395 537
2405 2413
583 1669
403 1295
1621 1842
163 1022
421 1312
2093 2651
352 707
101 832
1797 2048
1801 1900
128 1900
490 610
516 1141
1515 2693
2156 2272
247 2254
511 2188
1302 1858
634 888
1224 1251
1115 2080
469 899
1239 1325
70 428
489 1254
658 2688
867 1132
2096 2558
7 1091
81 1866
1625 1838
1736 2209
986 1826
729 2158
208 501
2003 2245
1149 1492
1248 2400
1339 2183
615 1489
375 1205
1168 1889
2382 2571
1454 1964
141 1692
1425 2341
1473 2016
113 316
548 1448
1100 1718
1666 2193
925 1401
1126 2146
74 1449
2134 2326
1233 2687
427 1008
524 2689
2338 2397
28 2212
665 1430
1675 2631
384 993
878 2478
1549 2446
841 1304
1028 1846
211 1712
553 2050
1212 2538
136 2281
222 1716
180 2216
222 2327
798 992
956 1373
397 2435
382 805
1305 1403
878 2527
466 2307
2098 2294
1387 2381
19 804
399 2273
1562 1872
1181 2095
600 1976
2364 2432
1132 1901
489 2179
1030 2367
360 498
1170 1238
867 1647
246 1108
372 2222
1861 2314
762 2552
534 687
102 2059
699 751
662 2445
820 2455
524 2072
1053 2614
151 1697
1587 2200
744 1926
285 1055
60 2027
423 2679
765 2500
1274 2415
55 1995
1266 2260
706 721
1359 1438
320 408
644 849
1001 2596
1954 2028
262 2337
240 691
1210 2365
1589 1744
740 1278
1336 2343
1663 2591
957 1267
174 1740
1179 1987
502 1191
32 312
971 2240
872 2082
293 1011
690 1332
881 2253
48 1399
1031 1330
681 1741
51 187
1708 1837
849 1121
548 718
440 1475
1471 2331
397 439
988 1481
83 641
77 150
1827 2112
23 1369
1709 2208
9 264
1692 1801
607 2023
459 528
1562 2400
1441 1681
206 1445
221 1201
416 1076
1934 2239
45 454
1162 1189
858 2647
94 719
581 1726
161 1363
556 2128
1673 1800
619 2612
1313 1852
118 1356
793 2629
138 390
1972 2261
707 1397
267 1174
478 2424
501 1489
4 1390
1672 1867
815 2310
660 750
376 2157
822 903
961 1480
1328 2599
65 813
1096 1966
2281 2485
1665 2536
844 1485
1881 2467
1006 1767
581 1395
428 2344
1192 1608
2432 2462
463 1563
1469 1975
1041 1607
328 2301
869 1143
576 1954
574 676
827 1674
1616 2058
1501 1742
1197 1582
121 828
1150 2484
981 1502
202 2378
570 2086
1022 1967
229 2321
22 2083
1053 1256
1618 1703
39 877
381 2285
81 960
841 2526
1488 2684
207 1609
1074 1139
680 2008
1460 2218
779 1069
165 1839
291 419
190 1389
575 1519
2538 2568
1302 2380
1065 1260
359 1249
239 333
136 2223
792 2357
956 1081
339 1311
1111 2453
855 2105
7 1509
555 2076
297 2212
462 2661
1867 2398
443 1364
1975 2335
542 989
298 1366
438 1669
1170 1793
848 2425
130 1221
1397 2483
794 2085
540 1928
97 987
1246 1291
1475 1718
522 2255
69 2277
1704 2199
471 1360
1381 2288
158 2180
328 1345
1004 2256
483 641
221 1291
699 784
1532 2652
1149 2058
912 2433
1024 2374
50 969
540 768
414 572
106 1075
259 312
513 868
1184 2283
304 2523
116 1977
621 2373
1871 2597
94 868
475 598
333 1667
257 2690
1231 2192
1753 1970
175 833
165 2642
1106 2230
362 1910
422 1500
1406 2432
1336 2089
964 2556
1078 2428
822 902
831 1748
64 362
470 694
1530 1617
495 1607
1592 2511
288 2687
139 1128
1942 2300
773 983
1685 1814
1100 2296
526 1143
354 700
1261 2651
565 2198
890 1225
1142 2073
2525 2617
1163 1228
61 1151
1326 2676
2105 2651
212 1085
480 1940
421 1329
158 1932
172 460
2287 2464
507 746
2391 2533
695 2418
2174 2340
34 178
826 2580
210 2608
107 2041
967 2084
83 2066
278 2373
1535 1596
1689 2171
504 550
1598 2062
606 1336
358 1080
1654 2285
820 1043
562 2222
486 2617
1647 2053
2018 2210
291 785
2276 2315
1056 1321
461 1561
235 1918
456 691
1134 2398
753 1299
461 2182
2146 2337
1787 1841
370 2664
2109 2242
2284 2589
129 890
2207 2642
730 2571
1029 2392
361 1946
779 2449
1833 1906
867 1866
801 1768
13 874
2448 2540
462 1457
1071 2054
129 406
1135 1479
862 2508
1242 2013
375 2096
6 784
908 2646
1222 1852
205 983
921 2545
1595 1597
49 1055
1002 2202
332 944
438 1968
368 1580
1170 2624
116 2047
853 1367
105 602
877 2319
193 2209
1101 1412
320 504
253 270
928 2676
460 1256
566 1038
1700 1736
1925 2675
105 2515
56 894
1442 1892
102 240
257 2209
385 1894
801 1514
612 1658
10 2590
500 816
138 2180
1121 1825
1126 1151
562 1862
939 1168
713 1456
1709 2604
547 2123
435 1008
19 47
2017 2674
1244 1578
46 1730
1578 2580
516 2410
60 2474
1275 1755
471 1597
522 1375
397 1267
1925 2319
1544 2146
1004 2594
279 2102
321 1259
2192 2462
204 2028
845 2409
2320 2559
234 1292
743 2152
658 1148
1101 1992
1531 2451
32 2211
384 1408
1083 1492
96 2511
175 2136
1090 2301
972 1205
415 1676
191 970
211 1059
289 2342
499 2386
394 2693
2128 2550
443 2415
262 860
1471 1852
496 1772
1219 2223
430 2347
293 2312
135 2223
1078 1085
506 1633
495 2519
1387 2379
161 475
800 2450
86 956
1399 1572
37 2560
1564 2024
57 552
2096 2553
881 1118
1804 2592
981 2148
869 2610
56 884
360 2119
796 2055
411 2700
2432 2668
1699 2361
160 983
212 1087
1207 1561
656 1442
437 1091
1010 2474
1942 2419
1495 1644
222 2569
1248 1896
214 1626
399 852
219 1560
844 1853
680 811
490 2700
1343 1755
1878 2034
1088 2258
1498 2008
573 939
650 1183
211 1788
1521 1934
639 934
639 761
56 1287
1845 2707
1582 1607
379 1827
1479 1704
597 784
802 1920
23 531
239 1521
729 1465
661 2281
577 1027
41 1928
104 2204
21 2696
1337 1394
1696 1744
399 872
1422 2601
1944 2199
450 602
518 1485
474 1129
2287 2320
59 2331
247 1362
1524 2000
1454 2595
373 1839
782 2329
314 2536
1429 2456
1409 2496
1893 1940
330 2008
958 2330
301 1891
946 1569
641 1919
1180 1538
1572 2676
138 1599
86 136
694 1422
1651 1780
999 2375
1512 2360
1281 1663
780 1382
2075 2144
886 1922
174 938
1141 1776
722 2391
592 1651
70 1786
1291 2007
369 1268
1937 2185
1111 2082
531 1255
28 2664
45 1058
1352 2386
884 2261
2204 2219
525 2277
707 1247
475 2469
646 1855
921 1379
870 1563
1376 1879
898 1352
832 944
1423 1594
516 2161
519 2058
44 630
105 1261
330 2545
1378 2236
2383 2557
295 723
187 1815
1924 2475
191 2134
891 983
1431 2226
301 1291
2013 2477
2233 2550
640 741
425 1460
634 857
1452 1548
1211 2592
633 1908
817 1557
349 725
284 2610
1252 2636
216 2358
979 2232
910 1267
378 2475
885 2125
894 2423
1444 2299
825 2008
1140 1525
379 1537
1040 1517
459 1979
1150 1391
501 2334
160 2552
1994 2693
156 2241
684 1491
105 2088
729 1400
2244 2644
2560 2607
424 2260
1078 1347
734 2390
86 1302
1343 2489
399 1294
799 1256
2144 2392
2347 2484
500 1382
816 1065
1089 1557
632 2590
898 2245
42 2502
513 1919
173 1096
1936 2236
324 532
589 1096
729 1092
282 393
700 1091
83 84
162 1549
804 2663
290 2478
1940 2480
946 2671
1197 1895
1281 1610
567 2441
216 1958
4 2683
680 1706
1407 2499
128 1303
1967 2567
777 1300
176 2250
773 2631
523 799
498 763
747 1681
257 2596
660 2269
987 1757
161 253
838 1941
1587 2655
1565 2471
15 1101
1373 2005
1544 2451
626 934
556 806
879 1262
1823 2591
1099 2383
339 1726
326 1220
1498 2625
322 431
64 1539
1445 2560
368 1010
1040 1073
1438 1870
686 1936
2059 2673
208 486
1995 2201
516 578
2319 2348
1021 2204
356 2257
339 1451
2 1840
2317 2426
1325 1808
518 1075
378 1867
2019 2546
302 852
1664 2243
507 1317
1808 2499
438 1485
60 2241
1103 2582
1209 2370
1174 2145
1088 2483
1884 2545
2015 2563
438 1834
597 1610
1074 2501
86 2115
772 2015
1498 1658
2094 2095
659 773
1021 1407
270 1097
143 247
508 1378
80 688
507 761
93 1796
1281 2433
878 1262
2297 2657
1112 1800
508 2415
29 754
1786 2627
487 1094
765 2686
389 654
259 2269
1251 1327
61 838
537 2582
944 2478
1740 1917
1334 1586
146 1085
1793 2557
959 1667
478 2212
200 2391
44 1535
1658 2299
776 2579
115 1323
1015 2531
11 1356
164 1965
598 1329
824 2453
368 2292
218 2386
1018 1485
883 2486
463 2545
1180 1300
147 444
746 935
498 1541
527 2299
1717 2477
1204 2697
1012 1050
1065 2088
1767 2462
1314 2142
2006 2040
168 1490
1475 1767
1334 2688
1821 2249
1198 1491
980 1609
650 1959
501 931
1810 1918
436 869
750 1261
444 829
36 2306
1073 2449
91 764
276 2420
689 1664
12 2348
403 2468
1667 2657
2353 2676
1576 2550
613 1981
706 1951
2056 2243
910 1594
1035 2675
1371 2383
1337 2453
353 2549
1318 1434
2084 2390
2 458
1680 1693
690 1588
636 981
1067 2705
209 2014
595 1712
1191 2182
152 2356
512 1068
52 455
794 1988
960 1447
512 2409
149 731
2177 2409
41 1472
354 1993
1512 1737
2449 2552
162 1856
844 980
963 2133
371 2262
996 1815
1855 2508
1173 1520
1430 2506
209 1870
148 444
2187 2639
844 2485
579 1304
128 585
802 1280
917 926
439 1614
967 2285
1282 1457
307 2270
2408 2488
79 2091
1133 2098
1037 2626
2196 2439
1729 2207
1872 2036
123 1441
554 2185
68 387
161 2545
186 1323
492 1521
247 815
331 1134
744 2094
26 1081
2173 2403
851 2247
2030 2626
577 1191
226 2499
181 946
1716 2339
475 2166
1372 1789
841 2596
1187 1340
1834 2115
1754 2627
1050 2027
1491 1761
725 980
170 2509
1420 2398
44 1278
902 1812
1140 1295
718 1220
351 2157
1199 1922
828 2089
559 1503
638 1404
862 2192
457 2445
846 2038
920 2316
1448 2141
1053 1554
1823 2655
189 1605
468 712
872 1952
1212 1408
260 1703
1193 2058
77 504
1476 2378
141 2070
668 1211
17 2372
1637 1768
840 1758
1090 2426
1378 1720
146 1093
1644 2014
1305 2448
278 453
98 1271
223 1754
1996 2481
209 1021
1217 2114
869 1901
86 376
309 2665
589 931
372 1428
1182 1696
970 1230
570 2619
727 2016
929 1708
1727 2454
1837 2430
1749 2025
1777 1810
1906 2176
181 2154
576 2095
172 1464
160 2303
685 1722
264 1282
2220 2358
804 1156
1073 1429
168 2070
1133 2481
604 1330
95 1820
1783 2510
233 1149
414 2306
1073 1261
1076 2557
152 1713
1217 2399
1596 2471
2219 2687
271 465
163 287
388 763
25 1493
632 909
226 734
781 2124
489 1072
1295 1435
637 2221
1661 2664
316 458
820 995
417 1126
923 2408
1841 2260
2152 2365
388 430
226 949
1374 1672
1120 2212
1105 2439
1269 1354
114 2093
1845 2302
635 872
766 1079
702 872
2515 2565
2001 2173
559 687
446 989
79 2039
249 1360
1576 1620
1491 2105
427 2343
2019 2686
695 1636
552 2419
112 456
672 1069
743 2351
2102 2395
263 1802
148 1144
1503 2487
210 1431
1858 1904
399 1839
1573 1652
1312 1361
371 782
888 2296
495 961
285 1967
565 928
1876 2561
1647 2099
1668 2519
2540 2584
375 739
23 260
697 1044
1670 2615
551 825
1274 1741
1741 2315
238 1175
1082 1623
449 801
826 1294
192 853
2092 2445
1471 2412
1479 2279
388 2291
158 1885
1600 2514
571 2649
682 1427
1946 2277
1635 1970
63 1773
1288 1718
64 498
1580 2051
1622 2430
389 1450
203 659
251 1918
423 1573
221 649
395 2337
1635 1746
1414 2568
1227 2173
939 2405
442 640
807 1211
1623 1896
534 1492
479 1489
164 2511
1908 2606
334 1660
1389 2328
2375 2493
677 1634
2343 2374
1116 1466
1134 2662
368 2486
1029 2020
714 1860
11 165
213 854
5 92
456 658
823 1890
425 1273
938 1059
2296 2587
1149 1354
1286 1926
1908 2253
36 1245
470 987
194 2234
2138 2609
68 1521
731 1649
1198 2472
408 1358
878 2472
275 455
2652 2707
452 2282
2092 2127
1837 1862
717 884
1062 1660
486 1607
426 2104
123 2214
666 1764
66 2564
377 1562
408 881
103 1094
247 972
700 1835
656 2694
895 1372
1436 2562
22 1250
94 1954
714 1650
1310 2455
1534 1734
3 856
2202 2431
2045 2369
206 567
1101 2028
873 1705
97 128
1676 2700
396 1985
311 842
494 1266
706 1511
1846 2286
78 1197
607 1324
1573 1610
1662 2033
335 1255
835 2441
354 1836
339 1197
1423 2424
172 2051
151 1448
712 967
1670 1733
846 1127
175 500
1262 1969
553 1611
2047 2381
1054 2096
452 1456
240 984
163 680
138 606
1093 1417
1489 2084
1498 1622
561 2247
890 2257
202 1061
1384 2051
1042 1672
5 1918
763 1559
641 2608
507 612
410 1330
280 1037
1170 1231
1764 2022
170 2146
1046 1363
1525 2114
1364 1564
659 2341
40 1168
1235 1427
235 1468
419 2608
1742 1802
1044 1301
1035 1168
1462 2232
1822 2294
740 2548
475 770
537 1420
1901 2647
1430 2081
929 1332
657 2445
381 1174
833 1582
1216 2294
901 2173
1777 2181
376 1249
1408 2084
2084 2326
539 1281
1753 2369
597 1631
402 1013
293 1342
965 1533
266 631
116 258
2261 2697
286 1569
101 2693
395 2617
901 1819
2576 2595
990 1286
544 1650
785 2390
964 2417
289 1772
1008 1010
386 2591
2132 2450
362 1498
1333 2413
131 666
1986 2347
1871 2249
368 1783
243 1535
382 1018
943 1852
8 1739
545 1890
645 2600
372 907
361 2174
212 1842
157 1125
1661 2306
431 1205
1965 2211
399 2392
240 515
521 1004
1038 2203
96 1948
413 1720
1812 2471
798 1727
584 1839
846 2376
239 2313
1251 1885
520 1544
1561 2663
858 2177
552 1894
2076 2314
164 775
340 1967
1165 1951
334 911
811 2536
2397 2578
182 1587
556 612
676 1426
1287 1905
2112 2148
298 1179
1083 1322
2134 2703
1245 2392
331 673
929 1709
1302 1323
790 1946
1250 1470
1458 1968
537 2288
774 1755
121 2703
619 1706
1249 2414
504 2644
1724 1987
699 2140
875 953
527 2307
1903 2659
237 2177
354 2063
1887 2644
53 2642
1060 1769
536 1795
198 1087
862 1901
831 1637
1689 2598
47 2451
1366 2256
76 2458
872 1249
689 1423
587 1732
1111 1310
1836 1869
1024 2502
358 2647
1854 1906
1338 2063
634 1281
596 1013
126 682
72 2337
362 682
774 2532
508 2232
150 2225
1530 1704
1331 2580
616 2060
100 604
376 2013
891 1944
793 1251
1303 2331
546 624
246 1194
1603 2620
316 2367
248 1461
652 2483
364 1327
970 1217
848 1453
8 1963
1259 1524
277 925
1229 1593
1441 2624
2448 2494
6 2531
377 1583
1376 2417
652 1903
922 1781
1096 1912
979 1812
247 2279
588 2148
121 615
34 519
18 565
100 905
905 1105
982 2419
1074 2421
1177 1724
589 694
1649 2161
2283 2541
538 1539
69 596
1592 2693
2249 2480
874 2500
2080 2456
1660 2162
1826 2373
186 212
1498 2383
809 1210
1655 1662
1440 2226
903 2428
1146 1173
1615 2459
1697 1819
693 991
473 892
290 2689
1099 1233
1750 2639
45 1774
1804 2036
1820 2210
440 1544
1332 2606
1194 2382
731 1181
1527 1587
755 1369
1348 2503
1891 2267
500 2630
33 2058
469 1184
198 1763
206 2682
1054 1397
4 377
220 532
184 1677
488 2183
2029 2480
246 2659
1158 2001
1521 2566
459 610
282 662
2332 2542
933 2145
2124 2330
867 2491
324 1726
834 925
864 1952
2081 2467
1557 1800
1228 2339
1553 1653
402 864
99 1332
843 2618
1761 2605
2129 2142
2016 2293
1665 1958
1258 1737
638 1545
26 1263
238 1004
1039 1626
1541 2020
175 1909
512 1911
294 780
1005 1178
948 2009
1932 2028
952 2552
843 1168
665 872
1290 1915
1639 2115
610 2389
465 1449
53 2519
1812 2178
602 742
1025 1574
1154 2486
408 1929
1298 2044
59 120
343 2154
1776 2314
1171 1981
1456 1524
1286 1354
230 1867
145 2657
318 1126
1228 2301
1586 2168
1744 1864
48 1853
1710 2308
587 2430
1676 1819
785 1308
837 1911
38 2458
1551 2303
828 2275
49 1643
144 547
920 2496
696 2171
1164 1901
558 1987
704 856
78 2096
253 436
136 1325
1758 1905
1281 1537
154 2434
1567 2690
863 1523
3 2392
840 1742
324 1828
63 2283
901 2379
513 1112
1030 1322
1092 1271
181 1879
204 2133
1038 2249
200 2328
290 1694
1026 1731
229 1768
992 1141
347 1677
611 1514
1913 2601
1207 1946
430 2610
313 1784
1333 1838
965 1696
1324 2025
1078 2435
1003 1547
265 895
1575 2690
1011 1896
1607 2252
824 1521
1327 1749
447 2077
10 2434
1148 1971
495 1108
66 936
627 877
22 726
105 2210
2062 2657
986 2274
747 1688
401 2211
480 2417
1551 2016
925 1264
1315 1838
1860 2648
630 1696
1782 1887
1083 1491
1191 2340
1655 1844
628 1691
959 2317
59 1475
1438 1774
16 2400
1370 1532
2056 2591
1137 2160
332 1601
346 1174
537 2531
979 2625
1055 1759
390 1732
1251 2537
1699 1980
989 2517
362 2193
499 1716
1893 2418
1136 1667
474 2344
895 2160
924 2672
463 772
119 668
1108 1927
451 2401
158 1742
2319 2434
352 1588
39 1597
1901 2390
1023 1222
1007 2675
575 2523
761 2228
136 614
723 1959
1193 1845
246 2131
1832 2216
642 2648
2537 2571
578 2085
1714 2176
382 1978
336 1058
1120 2059
2549 2583
312 514
1116 1852
779 2127
221 1876
71 1446
202 1079
2419 2556
1824 2364
413 2595
1380 2440
1628 2346
923 1925
148 1081
1087 2637
769 1720
651 809
66 2306
1860 1873
136 1661
957 2549
1457 2067
441 664
1367 2361
432 1231
1366 1464
1142 2553
134 417
1230 1568
1110 1153
1483 2129
76 409
1070 2408
468 1022
57 1382
837 1970
1005 1321
1172 1432
544 1784
821 2626
1565 2239
454 1093
810 1246
10 1010
1065 1571
439 2082
2274 2594
1129 2431
1181 2583
950 1593
336 396
2292 2403
1252 2167
602 2022
155 1162
326 2271
2296 2427
222 267
385 962
104 1722
279 1273
1246 1624
1312 2200
1655 2038
130 1252
339 1315
2061 2626
1866 1935
531 2679
816 1312
1835 2201
321 1966
601 2091
681 1075
302 1934
1902 2200
1153 2596
886 1645
2259 2414
2381 2662
1671 2464
813 2661
2207 2317
1278 2114
1050 2092
461 2016
69 754
643 917
481 2090
922 1418
890 2210
1592 2606
683 2395
146 738
5 485
1043 1719
1748 2018
1178 2704
1003 1917
358 690
835 1435
702 894
1168 2674
1000 2617
1327 2308
1164 1463
1484 1887
464 2538
733 2519
712 1159
1970 2554
2092 2391
1120 2478
51 2156
784 2151
1263 1451
2111 2613
1113 1724
617 1980
1807 2408
500 769
234 722
1162 2159
33 2521
1466 1761
314 2084
345 382
1252 1333
120 2595
414 536
1334 1908
2216 2344
1819 2225
1468 1598
420 1103
705 1327
2414 2708
1061 1832
1311 2662
56 2303
638 1669
1265 1463
2046 2705
2161 2618
1523 2354
1308 2419
1591 2200
1412 2281
810 1449
309 923
781 892
128 1838
520 605
795 843
54 1578
1238 1390
2569 2583
418 2516
430 2567
213 1676
581 2452
2112 2606
2013 2432
1429 2152
91 1246
950 2181
252 441
464 1907
999 1235
373 746
321 1323
841 1878
329 2551
632 1205
282 1628
1983 2647
2417 2438
23 1353
1035 1406
40 396
490 2128
324 1607
867 1170
1162 1443
2168 2654
467 2686
627 2672
1627 2278
567 2138
1824 1835
2176 2652
452 1143
2083 2171
1359 1782
375 584
556 1475
1214 2588
556 745
11 846
1817 2631
585 2591
945 1038
515 1022
1503 2123
895 2181
377 998
1228 1639
737 2357
277 1070
1033 2384
1346 1463
42 810
65 313
26 1389
696 2036
1900 2477
2423 2588
1284 1601
173 638
1045 1180
392 1315
500 2145
45 1261
147 564
1983 2566
1111 2485
182 2167
231 2287
1358 2665
1186 1402
519 586
1466 1854
8 690
237 760
765 2217
449 1313
851 1521
2311 2563
1554 2167
157 415
789 2083
559 1160
630 2506
559 758
234 566
1164 1829
216 541
2469 2593
127 930
503 717
315 1162
165 747
1479 1909
184 1543
1698 1763
2102 2252
288 731
511 2344
1628 1944
1772 2131
642 846
1394 2414
47 2556
1123 2346
1594 1938
597 1947
314 950
785 1202
1263 2660
603 1046
1337 2129
330 1057
1429 2278
356 1869
1836 2159
1264 1436
1455 1781
2002 2598
330 1158
1658 2432
1394 1629
256 1310
687 1253
137 307
673 2048
492 2098
709 951
184 1206
597 2626
1062 2116
1051 1919
60 1726
638 2660
346 1347
602 1520
1455 2474
337 343
32 759
9 1713
117 1901
951 2205
717 1093
312 1482
1151 2583
48 2059
1193 1352
1671 2230
1839 2667
1389 1561
655 1419
756 966
263 1685
1342 1801
871 2474
2095 2431
1093 1251
347 1306
1612 2275
1719 1823
451 1225
404 726
1858 2665
138 470
1068 2442
1450 2511
46 722
1498 1603
1421 2374
149 1162
1281 2409
701 1953
460 2468
1021 2526
247 2245
1909 2030
1276 2357
1321 1495
443 1028
1511 1648
546 2209
774 1463
1448 2507
2129 2629
25 360
409 1517
773 980
558 2367
149 1946
1689 2140
158 1905
732 2270
252 838
1390 2254
705 1199
1866 2006
1258 2222
1593 2276
1102 2522
918 1946
55 965
116 2132
140 2287
740 2013
1477 1656
1208 2499
78 1730
950 1242
2008 2453
237 2417
154 2009
515 696
399 1780
748 1221
1070 1895
81 2000
1580 2506
354 2342
829 1811
359 1598
1256 1733
80 1606
1219 2576
930 2629
1113 1275
614 1985
1066 2550
2381 2497
1249 2108
462 1000
1605 2488
998 2460
777 2332
1159 2038
762 1196
2301 2541
219 2658
190 1690
268 1252
1502 2394
1168 1380
1233 1435
1598 2512
630 790
970 2521
934 2527
1207 2220
1362 1652
1566 2023
1136 1602
290 2472
1867 2347
463 912
498 717
274 749
2024 2314
1860 2244
174 508
1265 2639
1484 1978
504 1838
2383 2612
1352 1592
722 2336
528 890
1811 2280
309 2035
1592 1750
327 991
671 834
382 1094
1884 2449
264 2078
562 1710
936 1205
246 1094
1130 1693
1122 1466
769 1221
1211 1545
511 2351
105 1146
554 1090
336 566
57 1811
604 2139
391 1489
494 1807
1177 2652
395 1176
174 2430
86 1154
102 1463
1291 1777
63 2594
350 616
1406 1650
971 1046
761 1701
337 1238
293 1693
102 347
933 1692
979 2304
1134 1645
1737 2398
1422 1986
111 2515
388 2059
960 2582
1060 1440
1186 1716
537 2308
480 2625
1051 1621
1607 1919
1674 1700
102 1891
2052 2594
1016 1764
970 2561
344 1887
917 2581
47 2583
1156 1477
1041 1395
1018 1849
1154 1539
65 1212
1002 2672
275 741
1551 2521
85 2378
302 1785
1661 2652
331 1729
271 2472
540 2636
1370 2230
1306 1913
2236 2700
224 2615
1788 2354
376 1164
1610 1741
745 2541
960 1812
1199 1988
783 1440
124 2545
680 734
48 2435
156 274
463 732
1045 2353
610 1610
1346 2068
1132 1919
69 1978
755 1520
702 2031
417 2305
34 1044
347 1603
340 2167
1443 1891
104 184
640 1389
1546 2415
1212 2041
357 1654
1397 1979
606 1628
690 2361
854 1700
1995 2346
1238 2258
825 2005
1376 2481
243 2501
2311 2539
2608 2674
245 2176
210 265
501 1529
1262 2147
743 1796
880 2326
681 2689
1131 1793
1011 2001
340 409
834 1012
1763 2044
491 822
1968 2546
130 1279
1115 2425
1579 2430
1095 1346
1407 2389
204 1463
902 1844
2515 2705
641 1173
556 819
48 1236
379 2281
448 2364
2148 2197
619 1211
473 1571
167 723
1448 1616
1414 2377
502 2688
1046 2286
524 2206
520 2569
734 2705
310 1477
536 1612
1704 2015
835 2629
857 952
1658 2351
743 1866
564 2681
261 1451
38 2568
1488 1643
1633 2104
353 1365
22 1519
874 2575
729 2276
463 649
1954 2450
2185 2435
1078 2060
362 1227
833 1887
857 1972
890 1857
112 550
319 2371
81 2434
518 1909
765 2227
175 2181
1364 2446
1563 1987
322 1137
1462 2109
122 1662
712 2236
744 2192
1877 1979
858 2663
67 1687
1101 2594
766 2433
859 1870
885 1358
468 2343
1373 2281
1431 2028
798 2483
717 960
334 1865
976 1074
198 971
330 675
1764 2663
2252 2576
705 1831
640 1820
228 899
1872 2430
781 1708
1075 2306
2522 2595
486 1941
1228 2025
584 968
27 1905
1653 2331
498 1769
134 2029
513 1242
1391 1909
132 1060
1853 2416
534 2251
282 899
1037 1155
1904 1926
9 1278
1395 1720
431 2017
157 1946
1724 2639
758 1357
1407 2028
2156 2522
397 2339
321 719
17 1591
990 1556
1290 1679
455 2178
1142 1470
257 503
542 2165
121 2054
778 1529
251 2083
758 2668
768 1095
1427 2399
106 2021
409 1114
176 1807
483 1295
23 1253
1876 2382
77 1141
114 2063
428 1442
1845 2260
309 1114
1063 1676
600 1208
68 390
136 1111
644 1643
1115 1374
714 2517
709 927
1461 1589
1661 2131
1725 1764
749 1087
926 2449
875 2618
410 543
758 984
167 2517
1401 1708
809 1016
39 825
675 1219
278 2057
569 2704
109 2054
264 569
768 1483
1519 1854
1004 1153
1852 2058
1160 2566
344 695
583 2177
1719 1895
72 496
1797 2078
421 1220
745 2468
422 704
401 2380
146 401
151 2152
494 2443
1199 1673
440 467
1844 1894
638 2383
769 1130
264 1585
1849 2476
8 2536
2024 2382
2070 2232
1817 1964
1908 2094
498 2462
44 1286
1387 1868
152 642
568 1015
1343 1400
675 1687
806 1331
259 566
109 1138
376 2506
271 1831
523 996
1958 2397
587 1119
697 742
294 905
1133 1154
1951 2306
532 869
169 1495
490 2668
393 773
1365 1543
2494 2593
1220 1571
2235 2459
718 1361
216 970
386 1891
688 1733
1249 2005
1108 1702
472 834
404 699
1001 1849
1390 1489
577 1515
608 1708
2256 2605
300 1343
1143 2320
2374 2694
1230 2078
298 1985
69 761
816 1783
598 1420
1276 1368
766 1449
958 2254
349 2178
946 1743
205 956
356 1176
540 886
497 2661
1028 1612
711 1558
269 2565
57 2591
361 1627
157 986
338 2134
1034 2211
191 1941
67 2308
108 2102
1063 1567
729 1221
958 1716
1003 1654
1137 1707
2247 2469
1583 2194
281 2342
1087 2490
192 791
1344 2303
1481 1906
754 1843
967 1588
698 1170
207 942
327 2450
408 1138
358 487
1327 2443
1705 1971
996 2047
615 888
819 1988
2480 2657
104 1078
641 1525
947 948
1774 1932
1410 2180
837 2360
820 2364
1119 2474
1266 1793
1269 2418
276 1905
1488 1951
207 669
1622 2337
1902 2626
898 2405
1868 2424
53 2129
1694 2228
1457 2623
1624 2468
1120 2099
613 1983
1212 1649
261 2181
828 2167
536 2278
1343 1426
212 2479
759 1333
156 298
155 534
981 1025
960 1645
733 2476
1172 2472
926 1115
1136 1868
1250 2578
388 1636
544 1446
2239 2384
948 2183
26 2594
960 2124
1836 2432
463 2382
1129 1344
2168 2341
715 2020
1253 2462
738 1710
1768 2619
66 2112
809 1086
1046 1442
866 1688
1399 1927
417 1556
838 2061
476 1960
1393 2453
1894 2180
204 2424
221 1007
483 2342
362 452
1629 2330
354 2594
938 1452
515 2211
387 2154
516 2111
259 1436
46 622
69 2689
47 2677
1698 2270
240 243
495 503
1541 1558
1055 1231
1041 1234
168 1673
187 1084
244 1028
36 2481
632 852
124 1330
67 1776
1831 2056
162 834
1802 2565
1453 1665
1889 2447
147 2565
109 715
2144 2417
138 2261
950 1421
536 2114
1113 1226
1111 2170
255 620
1146 1497
146 773
1086 1793
662 1548
60 1022
2316 2468
127 1944
467 662
718 831
463 1779
486 738
1344 2037
257 2357
476 650
469 981
1261 1925
1340 2078
1 2576
134 697
1830 2649
312 1785
280 1205
816 1260
1041 2369
1387 2007
721 2109
621 1493
701 1288
64 2320
467 1643
649 1632
232 2000
1620 2167
1074 1300
945 1283
1705 2124
140 1488
1153 1543
1528 1915
1475 2477
2015 2235
1556 1759
1472 1732
1810 2652
2300 2540
1497 2198
51 1635
521 1535
2088 2391
1115 1902
1239 1545
459 2546
252 2562
315 2203
306 460
1515 2098
210 415
1380 2523
606 2185
1544 1764
269 1617
202 1198
588 1485
929 2020
39 2006
548 1731
1759 1900
267 1374
1069 1872
815 2292
879 1585
498 2675
238 1514
579 899
878 1454
1574 2089
2337 2623
16 2089
1545 2394
1498 2419
361 2607
208 1501
464 788
696 1798
112 1143
594 2458
184 1173
619 1780
1402 2441
1386 1768
465 1562
2277 2555
1420 2222
654 1979
1086 1849
1861 2109
819 2680
304 2268
70 630
265 1074
808 2367
719 1344
472 2145
468 2411
1509 1571
1056 1689
8 2318
1018 1366
1699 1887
1631 1952
1111 2412
867 2604
1844 2483
712 2493
355 1353
56 1746
1596 2394
917 1060
432 1782
284 1178
419 2435
1909 2060
905 1744
1543 1755
1516 1599
1142 1203
1699 2227
826 1650
238 317
2519 2690
869 1902
1583 1614
681 1704
1632 1802
137 2216
1789 2556
105 2407
633 1933
610 1326
145 2029
84 422
286 2074
1127 2609
1410 2022
57 1912
491 2682
2023 2429
292 2139
1754 2474
1483 2446
63 100
113 793
546 1576
922 923
1418 1463
1079 1211
908 1221
270 1688
437 1343
861 2683
995 1553
566 2613
310 1446
1429 1993
1173 2586
1534 2478
361 1140
419 913
914 2312
1546 2468
19 1577
1615 1965
1122 2171
904 2667
138 644
532 602
19 1225
168 456
716 2261
371 1886
352 939
1237 1469
654 2023
282 2668
562 2251
215 2413
370 1231
235 2432
583 2522
898 1384
2391 2566
1609 1793
1051 1814
172 1643
737 1963
645 1106
855 1151
1305 2561
2287 2491
1303 1466
331 1024
81 1971
1333 2665
1465 1698
996 1293
651 1107
494 1250
1280 2286
173 901
319 2554
643 2342
27 1882
171 2655
1107 2618
2235 2583
1737 2211
585 1639
830 1378
879 1239
604 1660
1058 2672
143 1904
1871 2476
1283 1637
549 583
30 121
785 2337
585 946
1506 2313
142 497
717 1672
1763 2312
2061 2550
999 1758
327 1329
305 1580
440 917
261 353
155 696
371 2369
255 2178
295 1138
1097 1448
937 1300
243 2184
310 2039
1101 1451
542 1242
274 2250
2371 2487
200 218
2371 2565
35 2270
858 1182
212 2442
322 1231
425 1647
1512 2205
548 2457
337 1890
700 792
1099 1516
239 1068
114 1031
1357 2567
1847 1897
2394 2611
294 2473
48 176
381 2124
1294 1738
151 2142
1763 2302
1662 1892
421 2286
542 2276
403 660
592 1288
60 698
1290 1519
1797 1912
1124 1173
2334 2665
953 1904
120 1657
704 1909
267 2261
224 2672
461 1976
415 723
1592 2293
246 1673
1449 2295
1095 1272
986 1672
1849 2140
1021 1821
681 1156
914 1175
313 362
728 1172
71 2240
208 554
1557 2293
464 969
869 1450
37 733
1400 1433
946 1959
776 2017
385 1593
899 1031
523 1433
1577 1716
1425 2129
538 997
751 2323
818 1054
261 470
126 1267
1749 2184
1709 1798
344 1653
54 1036
1007 1380
75 1716
1017 1434
1895 2325
223 1084
1367 1937
151 2418
454 645
1502 1860
244 800
395 1482
1132 1383
286 777
768 1137
861 1628
1237 2177
1717 2270
1203 2009
989 1646
193 1860
1172 1330
389 758
962 2466
569 922
2049 2628
661 1468
793 1105
118 806
1115 1344
1016 1458
1059 1576
124 2618
187 2125
307 1621
147 2105
372 2310
257 2595
240 2381
583 2329
1148 2246
1466 1517
1148 1425
571 1981
2085 2408
332 480
1177 2024
78 1699
779 2074
928 996
1110 1187
867 987
269 1170
955 1219
802 2240
1464 1774
1976 2446
1325 2462
20 953
795 2548
790 2672
774 2194
1209 1509
1979 2691
451 762
85 1627
626 770
1755 2571
1176 1788
1491 1640
720 1551
362 2407
179 1422
944 2039
75 466
80 2684
72 771
990 2663
1838 2332
96 804
852 1563
1011 1347
655 866
258 749
114 2276
1448 1970
695 882
572 1489
1467 1889
1391 2420
1162 1902
474 598
1139 1159
520 2022
1635 2568
781 2303
298 731
934 1053
1248 1467
2408 2683
1373 2629
1645 2463
1059 2360
299 1782
1421 2134
615 2691
986 2288
137 1733
107 1975
109 2347
1093 1662
1081 1865
1390 2174
545 2533
281 1856
1 1493
1605 1877
36 2478
95 130
796 2494
1463 1923
2172 2447
2166 2424
472 1905
351 2027
523 1385
978 2266
1516 2212
140 2608
1279 2429
790 1482
1644 1912
249 314
800 1478
86 450
414 1840
1918 2210
1576 1655
7 1773
1235 1743
2073 2081
83 863
214 2703
331 2425
417 1298
61 1914
1675 2252
766 1992
1230 1827
827 1441
64 1275
1787 2612
1158 1165
361 1182
2240 2696
604 825
1509 2340
500 1207
1544 1812
814 2123
1222 1249
1958 2240
552 1315
411 1286
2460 2671
2020 2176
739 1740
694 903
837 1294
1501 2310
2033 2353
258 1563
494 1554
10 2133
1706 2156
1090 2181
856 1117
635 1543
1430 2139
138 2409
130 1911
606 1454
54 133
958 1347
270 361
404 1204
1136 2341
510 2017
1637 1900
1423 2282
946 2563
34 684
726 2471
676 2586
1300 2184
1085 1761
1829 2096
588 2476
