174 1957
652 985
135 142
237 1480
581 1338
398 1946
1725 2745
319 2586
471 2158
2317 3170
658 1231
296 1699
1995 2526
1371 1707
494 871
278 1441
498 1770
735 1749
283 810
746 1590
793 1367
102 154
1013 1748
325 1913
583 761
1252 2659
640 1870
567 1849
230 469
519 1828
1241 3237
247 1990
1898 3010
203 1058
1531 1904
246 2925
1328 1552
58 321
70 886
724 1339
82 1940
515 991
62 2007
248 921
667 3015
674 1901
511 784
1338 1348
357 1712
1211 2704
2053 2784
2110 2158
385 1027
274 540
191 1490
296 803
173 454
877 1249
1266 2136
636 2553
1363 2071
883 1668
8 1663
209 2671
376 602
1018 2417
674 945
887 1737
1031 1537
802 1903
1296 1939
1510 1762
449 1527
316 1053
464 721
784 929
1338 1660
274 1277
554 1590
87 162
802 1870
1822 1906
3235 3267
1354 2796
1106 1285
1177 1903
642 1489
243 758
152 200
162 810
1504 1737
1725 2158
754 1782
706 3287
460 1042
799 1580
752 1996
653 1676
2641 3236
605 3105
224 2116
1724 1950
496 1252
389 2739
1703 2082
2054 2698
600 1002
2137 2703
238 2082
750 3026
782 953
935 1942
689 1326
471 3163
1580 1935
1251 2141
1493 1574
415 967
1064 3235
660 3049
866 3043
2624 3235
1646 2051
258 843
756 2652
168 691
2067 2640
1367 3016
116 1922
411 1732
524 1749
1310 1344
1107 2025
566 2996
971 2981
915 1938
1774 2027
495 3175
1015 1218
321 700
179 2175
358 911
995 1475
413 978
80 1058
1944 2712
239 1737
564 2150
14 378
177 1339
747 1853
870 1544
752 2962
1856 2026
793 1922
906 1113
416 2047
475 590
340 574
1615 2076
229 837
419 889
1515 1950
468 888
255 1198
169 1650
1432 3218
211 1151
630 917
1491 2261
1580 1874
2112 3086
1088 2577
1137 2641
545 851
154 535
247 1422
350 1865
823 3165
1652 1884
1002 1740
669 1126
727 1196
1043 1898
778 1310
598 1413
45 820
1099 1832
258 1636
1011 2365
397 1996
404 424
1807 2630
1005 2745
856 1745
634 1554
189 1062
445 2237
774 2329
579 1885
281 436
591 850
1821 2481
1177 1437
142 644
468 936
589 1133
1455 2766
92 404
395 841
1488 2581
315 2388
177 1475
109 1159
932 1406
1877 2075
664 2642
101 2152
331 2589
1951 2526
1920 3237
2113 2586
1129 1609
354 1588
976 2122
410 435
813 984
730 1902
716 2019
1009 2060
1181 1673
2182 2687
216 2743
854 1089
800 996
469 704
309 673
1634 2005
636 950
1526 2495
1053 1290
19 3112
1608 2587
40 2792
741 2056
1494 3188
1009 1765
1901 2019
1676 1770
911 1841
22 481
2027 3026
578 662
179 781
658 1306
1590 1688
613 1092
980 1264
223 3081
1076 1885
27 621
128 3170
995 1676
759 1952
2995 3108
702 1127
1106 1578
540 1623
502 854
377 2741
419 955
1643 2340
873 1420
911 1728
536 1669
1210 3026
578 1867
1302 3006
1945 2774
61 1340
1335 1348
706 1213
2491 2970
33 3104
566 968
265 1853
921 2026
1481 2161
556 768
41 388
310 3210
328 3211
1019 1471
709 1308
627 2428
583 1604
174 940
703 789
1852 2317
683 931
157 1537
402 989
234 365
183 249
715 2078
257 1829
1619 1734
24 593
773 1160
193 1042
1719 2131
800 981
886 1674
1266 2584
247 854
190 2647
471 1840
1350 1368
557 3188
1409 1840
689 3029
689 833
203 496
600 1480
1706 2038
841 1777
562 806
583 1856
65 1277
1312 2678
1237 1844
1459 1520
730 754
1573 2161
78 819
49 360
17 1942
335 1604
1005 1106
237 1532
361 1013
374 1135
578 1854
300 2841
949 1849
1404 2420
225 2011
528 2987
94 759
175 1615
814 1008
702 3112
32 440
1099 3005
23 745
59 563
1852 1992
1079 1682
1422 1758
2407 3010
92 3184
396 2510
883 1039
591 1634
137 264
586 3186
1274 1664
1294 2828
1656 1810
71 1188
71 347
684 1844
2173 2560
539 610
387 1043
139 2149
2007 2167
528 790
940 1614
315 386
1239 2650
1054 1218
6 21
98 1941
519 925
375 754
875 1310
729 1222
280 1435
264 464
81 1886
289 431
220 1679
906 2650
63 1003
2007 2866
8 1709
236 242
700 1823
1134 2844
342 1096
1158 2840
1091 2721
1598 2057
855 1620
116 1083
1074 1282
1634 2447
1413 1767
1139 1946
1321 1493
92 376
2038 3145
894 988
562 609
495 1259
263 581
311 437
1569 1931
641 2746
823 3125
1295 1887
195 1108
774 2793
119 1135
106 591
1646 2580
1192 1868
103 630
1146 2917
323 2679
1002 2529
492 1170
980 1237
962 3043
1087 1371
1578 1847
1236 1661
997 1843
1273 2987
650 2775
648 1534
881 2075
822 1392
222 1748
140 1480
657 2067
385 413
1538 1975
81 1683
408 1011
1515 1644
684 2146
728 1370
254 290
1189 1259
116 856
32 3273
339 2670
207 510
761 1081
595 2107
196 1715
1638 1758
631 2100
1781 2861
534 600
782 1422
31 1417
665 812
1001 1019
1087 1527
699 1992
268 1967
356 2592
6 652
225 3044
47 693
488 789
521 1563
954 1158
500 1405
102 287
377 1919
323 1441
873 1851
218 1495
1409 1872
13 1704
293 590
1246 1681
297 1451
1117 1423
1310 1545
1644 1691
613 1481
150 569
1453 1465
1104 1136
636 971
765 2658
301 1094
1676 2065
1377 1886
533 1882
115 1206
305 2277
199 1240
143 2294
638 2673
699 2526
1490 2698
854 2721
400 1895
417 1197
1268 2530
35 1136
921 1367
250 812
8 1991
815 1599
2071 2106
1647 2062
668 1127
55 1051
82 482
1715 3209
686 1676
644 1952
1727 1938
1534 3236
116 1618
586 1742
468 3287
1341 1354
325 1918
540 1286
513 1980
653 2395
535 873
1754 1917
245 701
389 1294
747 925
2051 3304
168 932
1553 2725
685 1513
629 1288
949 2487
187 929
318 1441
729 1345
708 901
1068 1441
1441 2792
1514 2673
425 831
946 2097
441 813
676 2793
713 1759
256 2796
2129 2995
797 1906
1670 2796
773 1930
2592 3125
518 1368
39 620
819 1820
78 1634
488 1530
121 1763
182 1573
558 570
640 2033
1292 2844
1000 1886
1116 1840
208 933
24 2137
1418 3192
423 2053
1286 1387
287 2151
422 1904
493 703
522 1282
326 1003
361 2401
334 1991
970 1257
94 1169
181 1981
1 2421
1007 1766
1180 1358
1966 2400
1892 3043
437 643
85 2514
1702 2104
424 1211
1066 1337
76 1790
429 2977
403 1182
269 1609
1038 1379
277 1394
164 2057
870 2456
1676 2343
59 103
395 1243
687 1970
1289 2571
103 1846
537 2001
897 1977
1620 1679
313 1750
499 1375
538 579
635 696
1979 3156
1982 3175
369 2910
107 464
395 455
444 1981
520 2319
1097 2910
77 1846
1452 2910
323 622
600 659
2739 2985
738 1546
1852 2650
146 311
936 2151
90 1136
594 962
928 937
266 3229
1124 1313
120 291
183 224
46 803
900 2697
396 1038
526 608
629 1221
640 975
127 727
826 2105
408 1625
951 2514
1074 2098
416 2276
1734 1946
405 2004
820 1950
1120 1348
1263 1729
395 1670
810 957
192 253
1112 1321
1417 2038
1117 1391
608 2784
1250 1428
303 1144
764 1639
353 1553
22 364
728 1317
196 913
770 2125
1590 2579
1071 1573
287 1123
658 2531
454 1843
1042 2408
835 2160
903 2699
45 477
575 768
545 1178
610 1457
938 2791
475 1817
1145 3166
1129 1206
860 3079
552 802
1887 3118
564 2162
306 1359
260 414
1002 1116
1237 1508
1198 2560
397 429
1052 2182
899 2060
915 1240
625 3166
133 868
1527 1856
310 640
122 200
505 2293
987 1412
364 1290
399 1903
86 1249
52 1531
481 843
1129 1397
454 866
782 1730
49 72
329 616
33 3209
818 1636
1091 1520
1683 2421
1613 1946
131 402
1354 1975
583 2081
25 1420
953 1256
879 1664
572 1443
905 2397
2461 3237
1600 2455
385 923
567 966
281 2834
1441 3006
1900 2983
498 2625
1217 2456
292 2129
99 721
276 425
584 903
293 3259
128 1068
2007 2708
711 2481
339 1888
496 1454
3116 3154
789 2267
2057 3118
71 2200
1384 2659
292 860
165 659
740 1464
681 1867
1774 2851
907 2237
1515 1758
898 3167
194 454
715 841
238 320
542 1181
431 1141
245 1526
1229 2026
778 1088
364 1019
983 1978
1637 2852
625 1591
721 2462
546 1003
204 861
39 392
1656 1968
218 1432
438 3104
376 1950
536 1980
627 1736
251 1897
1719 2293
338 1669
659 1902
152 1224
698 1288
312 710
316 946
295 2169
20 2119
451 605
421 1148
457 1040
1442 2600
2784 2856
877 2361
1588 3043
218 969
961 1249
609 1310
1058 2084
46 504
163 2081
204 1616
251 633
203 1561
1127 1684
705 1625
1475 1777
607 1058
23 1074
1321 2846
487 2321
275 1930
283 462
1493 2640
294 1884
2099 2115
604 683
162 384
532 1656
200 1754
502 2928
505 519
212 319
190 733
950 2995
813 1211
908 2388
952 1500
773 935
157 1538
551 906
638 1632
1700 1856
15 16
371 2175
1821 1949
492 2641
1551 3166
1604 3129
1509 1841
308 366
182 1387
558 1229
802 1782
686 876
605 839
398 448
242 313
700 1551
742 2540
384 1847
261 820
132 2005
305 1312
477 510
1313 2859
1199 3208
1016 2200
542 1872
1726 2135
469 2439
197 394
1003 1242
513 3170
1462 3166
190 1237
1317 2142
2186 2840
338 1409
2455 3304
70 2754
65 581
262 1870
1142 1475
267 717
133 832
1582 3016
181 871
71 631
205 373
502 1418
687 3145
1625 2792
1071 1368
772 2073
1944 2338
718 1110
1998 2641
442 3118
393 1844
492 1345
422 2625
792 1986
518 1679
518 748
1374 2768
1004 1805
19 2105
839 929
587 1357
1213 2106
268 309
2028 2575
301 801
677 1882
1010 1715
4 217
478 3184
652 1959
2669 2851
171 2161
1291 2834
1308 2321
172 732
48 2859
813 2078
1392 1998
280 1488
1196 2455
244 875
1461 3013
161 435
382 1355
489 2077
534 1534
285 916
2841 3013
2222 3043
488 2400
384 690
1028 1166
339 704
303 1926
171 1442
360 2135
318 725
1222 1237
1534 1902
680 3175
2026 3042
1877 2276
1242 2340
452 1534
696 708
112 501
293 2217
1377 2483
164 1258
1631 2481
319 1704
797 1005
215 2587
322 1182
454 1583
776 1599
720 791
1195 2245
1048 2321
1043 1357
1437 2054
819 1719
373 2678
1405 1589
806 2447
842 916
322 902
154 2151
1053 1309
1124 2625
1097 2113
1200 2407
133 1840
1030 1357
863 2813
652 2173
214 530
2122 2237
297 1190
836 1341
1912 2006
481 1300
454 1126
1397 2291
72 586
60 1164
1000 2095
1301 1744
506 2895
383 2795
88 860
95 355
182 1461
517 1060
623 1048
250 1392
1007 1745
1135 2051
183 1265
233 1436
577 616
293 2841
1326 1569
382 2130
1361 1434
2001 3094
296 747
1334 3118
766 1773
1164 2600
954 2546
596 1736
224 429
415 1632
947 2408
309 1777
314 1254
168 657
1103 2865
446 629
1776 1832
221 365
1923 2881
1461 1722
1729 2174
1482 2217
574 932
1741 2642
1206 1573
138 470
631 1679
562 2624
561 656
488 2076
84 760
616 2048
40 2597
1090 1512
147 748
481 1000
1046 1069
145 205
251 422
72 1939
506 861
548 735
897 2673
14 955
1273 1290
871 1849
335 1083
683 957
354 2283
327 468
773 2097
92 931
738 1340
2400 2793
1514 2925
1921 2670
675 1510
314 1488
1200 1793
348 757
958 1821
509 2200
258 1613
1118 1493
908 2534
140 2254
1644 2530
268 928
1181 1601
800 2920
217 3009
734 2083
1312 3006
438 677
37 607
8 1236
843 1522
2003 2439
1613 2152
291 1913
1354 2113
589 1394
35 438
902 962
745 2175
352 1325
549 2083
1704 2640
519 1683
646 1308
180 383
742 1795
208 2652
746 3165
765 2409
1919 2243
695 2028
1907 3287
1087 2398
410 1152
495 1061
826 994
1072 1738
512 809
319 1563
134 646
375 591
130 323
764 2423
663 2970
641 2048
1290 2725
130 2495
719 1250
14 1377
53 1150
879 2827
659 804
438 1534
1009 1428
410 915
1285 1561
2352 2746
18 2659
593 2495
830 3268
646 2136
93 2013
1703 3026
602 1978
1582 3187
321 648
91 557
851 1326
816 1927
556 2096
1982 2125
617 2038
148 1354
369 1582
1733 2007
1426 1807
1236 1509
800 1696
1027 1113
1520 1533
138 211
909 1124
128 3014
344 346
848 1249
1032 1453
742 2775
1424 1890
987 1894
1008 2983
589 1960
220 967
2338 2380
48 908
481 789
1310 2395
622 1074
236 1461
577 1327
354 944
335 2428
866 1999
1572 1717
150 1123
703 2483
2319 2721
780 2408
255 1312
1323 2647
317 2430
48 1763
1236 1637
70 818
1130 3166
322 2986
422 1334
448 651
653 1144
12 786
252 1739
1366 2400
686 2171
786 1424
1255 1470
210 361
1216 1970
281 1149
182 3210
1395 2856
212 1089
1901 3245
719 1530
981 2122
489 1945
1116 2340
657 1604
1059 1459
1120 1379
1458 2055
2003 2075
1873 2447
834 1770
1092 2795
148 2110
713 1854
1051 2176
200 3105
1968 2293
878 2708
393 1242
60 2409
1349 1623
904 2174
716 804
921 2983
1599 3259
866 1300
916 1068
836 1365
581 683
1446 2985
664 3206
1249 2215
110 969
1459 1631
991 1807
2076 2856
1754 3013
361 2173
679 1280
1832 1859
446 2995
879 1048
417 774
841 1902
91 130
374 1629
787 1608
183 1254
353 1215
1817 2113
2167 2639
1765 3129
454 1579
1829 1867
724 1376
398 812
1664 2988
512 1716
1062 2443
89 1941
488 820
1753 1798
132 599
298 1169
1197 1719
174 490
30 2648
205 2116
119 1584
573 1608
2438 3302
887 1921
113 728
422 1471
314 2075
545 1991
752 1615
435 1501
12 994
1086 1299
784 1899
246 512
154 2398
133 1620
255 1770
645 1906
486 688
291 473
1762 2766
1664 2066
481 2002
906 1040
951 2077
616 1817
543 2175
2650 3129
780 1721
2125 3154
612 2584
1393 2329
1508 1732
455 1222
1005 2168
1138 2291
479 1388
944 1201
1054 2096
1520 1897
1374 1420
34 866
15 1877
450 633
2739 2861
1724 2766
2439 3209
1887 2589
130 873
1130 1772
166 1326
788 1196
65 139
732 1652
121 1940
107 1826
364 1605
399 3014
232 892
502 900
547 1812
756 3287
382 1384
356 1117
922 1752
382 2648
1635 2053
223 1245
1350 1759
827 1188
1103 2729
870 2079
210 1115
553 790
182 2077
350 929
915 1885
609 916
113 2174
633 2052
596 2051
1169 1872
315 2116
33 1277
249 2640
590 2098
239 3029
502 1047
73 1917
508 1253
187 2149
717 720
234 587
1457 2858
2081 3016
1337 1978
1525 2659
426 1482
146 594
975 1951
869 2400
446 1375
316 580
50 400
238 911
846 1242
1287 2779
295 1092
27 1043
374 1159
282 731
953 1803
533 707
1231 2059
240 2009
826 1123
61 1960
1189 3297
1273 2182
1454 1999
161 759
1452 2577
1623 2329
787 953
456 1187
483 1669
19 296
1370 1919
548 1304
573 1555
662 2079
94 835
471 1176
124 1567
16 1773
739 3108
2077 2095
1631 2152
150 343
498 1313
322 1376
231 1420
316 1777
530 1941
36 2416
990 1120
439 1188
213 241
1581 2892
576 1647
1064 1828
1206 1574
347 613
104 2071
337 2134
17 2792
20 2743
1886 2408
1656 1711
8 1295
351 2258
1319 1516
1233 1931
1042 1123
640 950
1441 2700
762 1973
935 2124
1077 1422
1329 1712
1940 2731
515 1911
509 2082
903 1778
662 2134
1554 1702
1370 2149
471 1543
762 1475
1104 1762
787 1708
1453 1713
394 1689
60 2073
120 514
522 2098
749 771
677 2171
136 1683
159 3122
513 2291
531 1966
583 1290
1890 3273
1149 1696
98 375
61 2712
252 835
31 722
874 2184
1331 1372
407 742
1216 2025
608 753
759 823
77 474
731 2012
240 472
160 1810
1520 1724
326 1069
83 2057
1664 2113
253 2988
2279 2995
669 2706
1554 1590
1199 1912
408 2673
200 289
602 2740
843 2365
1225 2910
211 1289
1059 2152
1408 1585
77 2111
391 575
1060 2184
422 1290
1240 1865
1882 2858
1739 2699
1736 1861
396 1292
1982 2865
93 950
735 1433
149 212
453 1604
1319 1359
1719 2529
630 3273
1150 1371
1722 2962
450 1421
61 2910
969 1710
160 1310
577 886
124 1829
867 1219
117 1632
772 1709
244 1639
436 516
1826 2457
365 1155
37 530
832 875
969 1145
702 1715
669 2234
711 2698
793 1053
1639 2284
936 1160
393 2754
1563 2633
898 913
361 2874
191 1651
685 2977
408 967
87 341
263 1130
280 3013
571 2006
2258 2532
530 2025
387 2038
705 2834
1098 1912
425 1924
1583 1967
1956 2361
1923 3287
921 1176
189 775
145 368
573 1082
857 3009
136 704
31 796
42 536
64 138
502 2348
1464 2652
937 2693
736 1288
428 2035
1355 2124
311 2874
60 592
1090 1226
1308 1896
202 244
140 1424
787 1215
723 1181
328 2006
2443 2673
748 921
89 217
438 1145
816 2055
562 1103
49 344
710 1176
754 2394
940 2066
221 1815
1930 2112
1425 2146
1815 2925
1139 3086
747 1121
718 1522
28 2044
1762 1826
830 975
1709 3292
224 557
1298 1894
360 1092
603 1656
479 2585
197 1696
1590 2828
47 906
680 1405
312 1201
1028 1290
1802 2284
71 119
405 424
702 993
149 2383
8 714
1825 2208
1932 2092
559 823
962 1361
885 942
530 3166
713 2488
462 791
1192 1968
298 864
35 84
540 2743
151 1398
1758 2560
323 803
780 1703
128 247
508 1572
472 848
622 1457
631 1922
521 607
321 385
390 1696
1015 2792
1339 1350
513 1032
522 1990
465 1273
153 2775
416 3253
620 829
714 1344
809 2056
14 2409
634 1065
838 3256
491 533
1011 1661
1392 2457
609 1319
90 1080
651 1348
1166 1921
26 2005
293 555
1714 1911
1451 1790
386 1357
96 2383
1248 1980
1999 2869
443 1664
181 2859
660 1793
51 1349
1102 3263
272 1220
1046 1889
1462 1990
200 1016
57 614
743 2100
604 2464
712 2058
1479 2874
335 2300
550 2329
163 296
1920 2047
709 1686
1142 2291
877 1673
620 2340
487 730
786 912
1745 2317
805 1239
1371 1408
680 2134
699 1140
1946 1998
1726 2291
2338 3005
397 423
1286 2858
281 2135
769 894
2119 2892
546 1726
768 1514
906 2348
572 1457
1138 2987
134 604
912 1010
713 3145
139 1405
1889 2624
324 708
591 873
490 756
1680 1790
64 1339
365 535
1651 2300
1406 1762
599 1452
492 2775
1020 2217
1349 1475
145 676
2093 2175
155 871
170 392
485 1358
1066 1561
93 1220
78 2924
556 1810
933 1182
1743 2300
694 1352
413 594
668 754
692 739
60 1224
1520 2122
1926 2079
191 379
2084 2647
897 3108
1259 1885
678 1496
855 1199
316 479
1081 2093
2245 3005
719 779
188 2679
634 799
78 3236
1480 2464
1079 3165
752 2001
1342 1381
1669 2100
1359 3105
413 1634
1673 3267
546 1705
516 732
874 1253
500 2173
150 688
562 630
522 841
1872 2487
1325 1744
1226 2160
416 1734
36 172
707 713
694 944
651 821
446 1634
815 1772
709 2652
617 3010
501 981
1322 2931
1327 1529
1027 2530
248 1650
786 2056
173 1139
242 382
35 2006
593 1137
1226 1543
782 1807
201 1737
1513 2208
1711 2142
964 2290
722 1733
2013 3211
793 3094
555 1995
325 1788
349 1631
384 774
690 2866
1303 1499
610 1767
656 994
1475 2514
376 1717
1453 1515
3044 3081
739 1251
666 847
1294 2846
872 977
1872 2540
538 611
355 1519
1441 3165
1000 3273
54 1580
14 945
126 1427
498 3157
541 629
492 781
63 217
1197 2553
967 1132
729 1590
879 1661
389 883
637 1227
418 1301
2375 3123
1096 1398
119 1103
481 807
1077 3122
775 934
401 2184
786 1934
453 1254
534 2293
193 885
455 922
1900 2194
843 2892
1715 2076
246 1682
1221 2111
1374 2669
361 1349
1064 1344
538 1283
954 1582
82 1254
12 2771
1888 2977
966 1060
640 3009
848 1106
113 601
121 432
770 2364
92 1493
197 1219
20 521
782 1613
746 1650
1291 2981
1437 1923
442 812
1296 1776
598 768
575 2666
1766 3015
311 1634
48 2006
1126 2423
979 2571
296 1406
501 2670
148 2419
236 309
366 1678
1391 1725
659 701
217 3163
1896 2194
321 1724
493 2012
1121 1295
168 257
126 723
448 501
255 1323
110 179
708 1828
497 821
1104 1932
297 1376
1323 3192
859 942
633 1010
660 1843
993 1006
521 2051
595 968
304 1406
722 2112
2009 3006
721 1911
309 1249
1081 1276
1815 3210
14 239
430 2123
2112 2920
320 1032
1546 1696
2448 2866
396 1858
1079 1286
111 158
433 774
1555 1955
1514 1942
388 1640
1817 3165
250 435
560 857
632 2671
139 606
936 1322
2142 2795
1083 1689
994 1798
1326 2276
1408 2026
2531 3123
254 2931
673 1716
1201 1710
1527 2078
638 1177
645 3045
229 1705
666 691
614 2585
434 1875
298 843
2166 2925
660 682
1277 1574
435 984
2557 2592
2027 2050
185 2546
196 1395
633 806
349 1335
531 1702
1252 1582
908 927
376 2237
1734 2579
383 2050
384 1659
760 1634
1365 2194
490 2099
1054 1745
779 1658
86 1992
541 1510
179 2402
436 2526
33 216
177 2141
82 2362
591 2928
314 501
262 803
1200 1896
1422 1625
411 1727
663 879
47 1588
343 1239
1408 2995
1276 1289
1618 3269
96 2254
131 1152
520 1932
321 986
100 1340
489 1058
330 513
2858 3237
3009 3116
392 2580
161 1232
338 395
1006 3009
1516 1628
1107 1896
1007 2158
1512 1580
547 1616
579 608
1806 2161
1748 1877
282 2697
808 1950
1508 3049
1317 3010
2032 2796
666 1432
345 1069
849 1125
880 2774
411 1736
1545 1882
324 780
27 571
238 315
1232 1326
9 1991
102 2585
320 2472
99 719
335 1455
1048 1965
407 1732
294 1795
64 2078
318 699
181 1377
1372 1688
1534 2420
2372 2743
95 1681
4 518
442 1043
1899 3229
1545 2119
916 1426
530 2321
144 2639
282 2417
1020 2081
1633 2254
44 3045
949 1334
312 1574
2099 2659
157 804
155 2176
314 1750
836 2442
148 2703
175 748
316 513
123 161
141 797
1018 1409
152 1508
1466 3156
158 2575
147 2647
607 1455
1684 1911
2382 2859
989 1898
526 1649
352 1005
146 242
1051 2597
1443 2881
112 2082
145 1192
1637 1644
369 679
470 636
746 1417
205 953
290 1166
1480 1982
590 1781
974 1765
1131 1725
457 2054
1534 1875
1200 1847
163 1888
902 1555
715 1778
1210 1418
505 1338
313 1729
1689 2162
911 2098
730 2260
57 683
32 1148
817 1068
1516 1742
172 1957
1198 1982
863 1712
210 1131
103 2647
2775 3044
1106 2597
966 1763
1644 1998
650 1552
311 1191
346 681
384 680
365 1461
341 818
713 1529
955 2116
214 860
564 721
29 652
406 1309
721 1917
189 460
809 2580
256 2639
513 633
375 433
851 1066
242 1065
262 1625
489 533
65 1121
1224 2423
2170 3159
327 432
319 432
223 696
589 1732
1135 1794
1555 3104
3125 3163
2447 3021
934 1294
938 1443
1195 2057
30 1043
179 1359
245 1849
193 1386
11 1774
653 938
1708 1864
1323 1995
2375 2624
175 3292
235 1913
1919 3165
120 668
583 1134
140 1181
551 2642
299 1005
1090 1902
1572 2419
637 1686
999 1629
1009 2341
978 1256
969 2161
983 2699
885 1456
742 928
853 2116
205 2858
552 1420
689 1335
200 1826
944 1413
1271 2348
549 1323
1873 2678
1360 3013
1080 3256
197 1509
744 2423
1243 1481
563 1136
142 1852
232 253
110 513
500 1116
333 889
1331 1752
750 833
982 2065
1660 1782
256 2791
260 2895
51 1088
406 1266
770 3259
48 842
1008 2134
927 2593
446 559
636 684
1129 1303
415 439
1087 1102
1121 1452
168 1805
1669 1788
286 1709
759 1625
452 3118
755 1872
1296 1479
230 320
142 723
270 1849
178 1967
977 1099
264 1689
132 1150
148 1018
1270 1679
491 980
296 1939
89 1201
874 1171
132 565
764 1388
988 1013
10 2007
986 2375
1199 1822
1230 1733
502 1851
155 405
516 746
883 2743
997 1637
9 1363
436 2140
33 2025
93 311
322 634
1797 2995
595 1367
655 856
142 823
1016 1978
2658 2679
610 1335
276 1605
55 981
1227 2442
407 3080
2795 3156
104 2352
413 1273
901 2533
300 1422
651 2072
753 3306
295 1475
1137 1208
240 2669
135 228
1450 3141
866 2133
316 1953
378 1620
481 636
618 1614
281 492
305 913
134 3116
585 2594
29 620
609 1895
842 3125
150 1250
452 1301
1795 2208
906 2383
872 1437
865 1008
99 1946
130 2115
990 2027
218 1846
830 1608
2428 2703
836 2584
355 711
252 2052
283 1843
647 2977
139 924
746 849
2024 2693
982 1598
224 3013
400 1679
246 905
174 350
1911 2182
311 1404
441 3165
1192 1669
219 2533
586 1354
1351 2811
151 718
1973 3094
1303 3121
620 2851
1958 2461
338 2977
833 2774
880 2052
262 2859
1961 2234
380 1718
460 946
53 1041
1427 1680
446 1663
274 725
2126 3163
1103 1349
12 1980
837 1856
1242 2597
1308 2151
362 2124
871 1319
148 754
1326 2340
26 2065
1328 1632
583 889
832 1211
27 595
764 1195
1853 1919
854 2100
420 2814
530 2784
256 3209
112 1927
1456 1874
680 1533
126 1864
61 612
786 1660
1051 2465
1038 1703
714 1771
282 3009
1102 1166
178 3259
871 1967
187 2348
2060 2988
187 1885
321 2380
1574 3131
1246 1599
1327 1659
715 2987
265 352
621 3306
1629 2277
1148 1640
81 2920
1662 1826
720 1388
373 2364
508 2456
362 1291
587 985
385 1589
289 316
1894 2779
1110 2925
949 1228
78 1899
312 928
839 2215
1406 1843
501 1282
274 825
61 792
478 576
169 236
1367 1858
861 968
475 1001
1683 1716
765 905
386 893
187 2079
344 1048
2019 2150
547 652
323 843
315 3273
677 1665
445 1598
485 2589
977 2575
54 1013
151 416
1661 1982
512 1704
151 515
2169 2416
84 1010
1882 1898
1000 1392
4 903
19 1806
123 153
1123 2254
271 779
156 1019
29 967
624 2745
650 2024
752 3210
161 455
2172 2666
670 1634
567 1953
1292 2461
698 1071
2587 2752
1335 1532
131 719
504 2319
754 837
1891 2260
34 1322
732 2419
789 879
123 1932
35 2625
786 2768
23 124
627 2033
873 1385
504 2152
256 977
532 1509
717 1051
1309 2055
721 1840
252 598
1112 1900
301 445
784 1219
350 2592
373 802
109 2697
143 571
186 196
1191 3016
450 1907
252 1537
473 2124
1306 1670
964 1331
1204 1260
752 2673
436 3009
1879 2534
520 1418
2290 2712
1151 1404
858 1773
1221 2386
578 1443
597 2456
2584 3094
304 2671
283 1580
594 638
98 2669
640 1588
202 1289
1005 1789
491 620
177 580
1366 2641
1226 1995
860 1806
987 1532
1961 2551
500 1229
116 407
866 3253
580 2455
365 400
156 1258
126 160
495 1371
367 572
1656 1935
477 1569
1741 2134
1074 1443
1613 2531
838 1752
810 875
739 1333
39 328
345 3259
932 980
968 1649
1087 1895
771 1738
1681 1729
433 498
567 2283
931 2025
487 983
1108 1179
276 693
1975 2400
479 2699
1763 2648
817 3009
1112 1201
832 1882
382 2865
212 2129
539 923
673 2051
584 2408
71 937
647 1211
570 640
764 2708
407 1711
2115 3175
1864 2589
567 917
1181 1529
930 2950
200 1003
422 440
89 1160
689 782
744 814
1716 2924
160 923
1008 1637
733 2129
904 1683
211 456
313 2058
259 1130
592 2648
268 348
342 778
41 771
25 3105
1411 2587
42 222
1758 2944
1138 1367
273 395
26 1636
83 171
616 2361
26 844
1066 2129
736 2796
173 945
570 1920
940 1680
71 2084
72 152
1170 2294
441 1875
809 1096
1291 3187
982 1958
2099 2136
516 755
766 1549
437 1285
1991 3026
1488 1632
251 312
1727 2081
485 2962
2553 2658
1724 2276
1844 2408
1702 1712
76 970
133 261
400 1553
831 2462
427 904
693 2394
2004 2448
190 1749
1481 1918
672 1543
665 1381
714 1374
750 1358
1725 1907
86 1520
1263 3157
270 2162
291 1738
1217 1512
1738 1985
1725 2096
287 1923
269 1280
162 2234
1249 1432
236 696
476 532
225 1789
38 1385
457 1901
1339 1627
674 1126
319 506
358 935
211 1253
696 1461
990 2013
19 681
392 592
401 1406
1516 1682
132 3112
482 922
321 3302
395 1884
27 2828
1734 3237
881 2706
707 1752
412 899
1022 2067
193 994
240 779
1591 2158
338 1767
2037 2491
48 1968
741 1495
247 597
887 2277
933 1615
224 497
1625 2931
201 921
940 2859
243 1549
441 1965
82 1287
251 1379
772 2920
559 1555
1187 3080
844 1704
360 1246
541 680
795 1888
912 1660
474 1647
1013 1466
453 749
443 2586
1773 2140
1188 2047
20 2130
290 748
733 1578
93 1841
855 3044
224 1076
440 1032
714 1134
1592 2081
564 596
726 1090
695 815
584 1639
1543 3302
1589 2530
47 445
1890 2423
1342 2133
1039 2704
920 1749
33 716
1048 1940
808 1087
51 2362
2732 2859
643 2036
407 432
836 1452
2648 2779
36 722
126 449
163 568
324 1879
1136 1494
439 978
1176 2260
330 1295
1609 2768
15 1393
133 523
643 2398
1844 2800
581 831
36 1283
693 1922
2211 3166
4 1819
144 906
338 3159
741 995
762 906
1092 2056
1247 1703
1091 2053
39 1103
243 1217
1650 1852
1270 3007
251 1358
381 2136
76 1019
691 1226
7 1829
219 1880
336 1251
61 2397
539 696
1063 1240
1299 1679
1462 1631
429 1803
1239 1643
1758 3121
843 2740
1778 3016
872 2895
1216 2852
583 2172
1215 1864
2401 3269
433 532
1605 1912
472 1464
231 2149
329 2791
1543 1599
586 1455
127 1381
839 2084
327 1246
1840 3192
722 1218
391 616
310 409
1112 1680
489 3236
396 507
123 1141
482 857
601 1466
89 2382
1044 2106
1871 2732
892 1286
747 2465
683 2056
246 2589
523 920
519 1280
781 3160
805 2779
860 1581
193 811
1663 1807
2245 2341
84 2530
347 3145
289 901
634 1179
1736 2856
588 1550
950 2658
1729 2107
143 2338
513 2284
121 703
379 3043
214 2279
430 1236
573 1064
237 1850
24 760
111 625
230 559
497 1591
172 594
734 2408
1762 2203
287 810
744 1412
1742 1925
307 1079
87 377
367 822
523 2851
1286 1943
218 371
1679 3206
223 1031
1408 2136
128 343
689 1904
814 1044
2650 2752
2343 2793
864 2416
785 877
187 1461
1246 2065
109 1340
477 1501
530 705
1327 2983
2130 2435
2028 2173
1302 1549
219 1946
83 889
915 1051
1397 2712
2160 2380
487 900
192 3022
57 2721
742 1846
614 1861
805 2237
1116 2097
986 1745
415 2078
823 1407
522 528
1919 3188
994 3132
1450 2010
609 1704
438 1552
297 1060
224 1793
117 1676
1186 3026
1590 1819
409 1136
375 2283
354 1077
621 722
1312 1551
341 1442
1331 1774
772 2184
916 1553
1618 2158
173 240
212 374
1583 1746
958 1851
514 1375
2200 2401
119 1092
1254 3185
220 2557
935 2050
660 2864
474 1434
10 2575
1466 1828
170 2073
703 1433
570 1260
1338 1956
54 1445
1 2931
710 1678
1081 1244
454 1110
1507 2779
657 1897
1706 3159
1365 1551
245 1126
1882 2067
1051 2093
472 771
1350 2864
1081 1328
14 1674
1247 1534
417 3165
324 3210
46 434
1874 2126
810 3049
158 2580
183 1240
1443 2010
1068 1754
1676 2699
736 2774
706 1846
2395 2857
495 1351
2258 2592
388 2456
649 3273
893 1152
421 712
1491 1499
34 578
1306 1805
542 1204
840 2970
968 1925
713 2827
40 982
664 2135
989 2703
862 1359
1005 1806
1329 1775
33 1959
2074 2840
1981 2260
684 1160
710 1437
1512 3160
45 2208
51 2640
710 732
1313 1919
1719 3086
1098 1418
849 1588
242 848
616 1530
294 716
1975 2113
856 1038
182 2290
5 1771
894 2856
92 1038
528 746
862 1715
1372 2881
1277 1543
766 1204
1358 1729
800 877
1551 1850
995 1349
595 3022
96 1255
547 1329
1136 1604
147 446
1107 1176
508 1841
587 815
947 1890
390 2420
149 1778
78 1615
796 1977
1116 1491
799 3160
353 486
481 668
1615 2125
1134 2858
1224 1516
491 1662
734 1435
2655 2700
610 2533
1342 2584
171 1301
656 1966
115 1253
40 633
147 1874
554 1031
549 706
1290 1744
1082 1312
1717 2580
851 2217
131 1189
386 994
1777 2019
540 1859
1286 1996
1715 1858
808 1516
940 1897
844 1520
229 3026
830 883
15 2093
1121 2589
1211 2745
1149 1632
1732 2067
1076 1445
1040 1072
1748 3259
245 1500
289 2800
809 1042
358 1341
26 1601
185 190
77 1410
1938 2435
306 1210
1407 2011
2382 2658
464 1967
964 1945
1402 1896
1104 1812
1155 1304
398 1797
1441 2400
1060 1348
367 2126
796 2435
1219 1844
491 1659
29 432
855 1221
1053 1094
210 310
1394 3186
1329 2007
1125 1712
986 2866
1052 1583
1220 2211
1516 1616
1581 1750
781 3122
220 1005
576 2052
931 1510
831 1950
775 2081
1709 2060
98 1840
193 1387
1452 1763
370 858
1285 1902
770 867
107 923
838 897
1102 1930
462 1538
786 1549
449 3170
1235 1741
1944 2856
667 3267
1553 1729
675 932
1708 2234
1440 2176
473 3123
590 3086
669 1228
17 934
815 862
1061 1087
724 1709
967 1298
1196 1199
859 1451
3007 3160
445 3253
834 897
345 1678
915 1850
361 1951
1190 2950
1342 3165
1920 2317
624 1734
546 3116
1159 1604
791 1599
1009 2472
811 1030
564 605
894 1273
621 1144
257 1766
944 1359
72 1706
951 2042
408 810
1650 2592
986 1978
2706 3029
2 2416
627 1999
754 1493
188 1820
1735 2652
