2136 2435
1137 3267
179 2067
4 437
39 2792
1451 2123
1717 3294
147 1061
1620 1685
837 1041
155 540
1736 1871
415 1117
978 1579
474 2056
1042 1288
1159 1709
175 2834
1150 1932
490 949
887 1849
641 2317
355 730
2722 3254
1748 2174
146 1180
1446 2669
908 1065
756 787
550 849
1634 1918
2 2317
289 2044
182 1177
2962 3256
2430 3006
42 317
646 1599
203 1011
530 1843
234 1376
1043 1407
649 1222
346 2970
227 493
1377 1686
599 2917
503 3188
80 2435
285 1295
2928 3123
1079 1680
716 2551
420 2495
105 1240
809 1291
1171 2811
469 2732
1426 1732
392 876
438 3267
1555 1987
468 1724
399 2113
245 1664
1124 1195
899 2581
1359 2340
1459 2258
238 667
4 121
2208 2467
1138 1331
533 728
2112 3029
3131 3275
102 1846
768 2534
187 1825
335 776
260 966
20 1945
313 1897
2448 3080
526 3254
369 2077
445 749
2708 3045
401 1932
1527 2152
840 1454
320 569
1563 2869
448 1116
397 1709
349 1927
906 3187
1398 3094
269 1291
1058 2881
30 2697
1015 1955
456 1806
452 675
343 784
710 721
541 1923
522 2048
944 1649
435 1441
581 1543
390 1471
2131 3167
1680 2110
2036 2176
100 832
213 2129
534 2222
1578 2194
255 1569
801 2006
513 2703
849 988
1513 2987
704 1302
193 1355
27 1132
821 925
574 1778
152 2365
1360 1371
2066 2094
1134 3041
989 2950
106 253
1754 2059
1604 1638
282 291
277 1189
875 980
843 2673
50 491
917 1795
922 1554
168 2048
32 1636
212 1423
15 154
214 1870
816 2575
1242 1932
165 281
227 1424
2277 2571
386 1555
1802 2078
1826 1828
133 135
542 817
33 370
2055 2095
549 661
1819 2515
322 633
552 1059
78 588
548 1321
2066 2881
104 718
625 997
650 1282
2529 2928
1413 2011
785 2397
2866 2924
1631 1812
1405 1926
156 1823
607 1198
433 461
1610 1763
6 633
173 687
2032 2779
633 1185
1545 2006
756 878
994 1264
1081 2529
670 1615
479 1727
760 980
880 1481
179 1097
737 1852
730 826
233 2640
320 1144
894 1226
477 1129
513 1820
968 1312
167 1488
888 1342
491 1513
783 1151
405 1334
934 1210
2981 3009
103 644
1367 2073
811 2042
383 961
1412 2073
391 510
911 2443
371 1614
941 2840
1410 1470
1179 1844
257 325
947 3145
1271 2851
1096 1532
759 902
131 182
1152 3218
849 1335
1588 3154
1529 1795
324 2987
2398 2577
402 2981
1208 1572
933 2122
1504 1864
691 1061
993 1412
108 2693
1226 1277
1019 2439
354 560
1970 2293
200 1967
116 426
2382 2852
681 692
1040 1233
828 2985
1230 2514
501 949
974 1124
591 1074
364 2375
929 1504
403 1150
1245 1727
338 707
242 3210
438 1287
793 1482
422 1235
617 3007
585 1066
1051 1432
115 2442
112 806
1198 2864
54 1773
1966 3185
755 766
926 1446
1194 1361
991 1377
1395 2666
766 2462
1377 2515
225 1402
294 1956
627 2106
965 2037
781 1116
536 1580
385 602
1018 1099
111 1589
847 1377
220 291
1646 1682
1153 3079
874 1765
1151 2865
470 1393
862 1258
689 693
1246 2795
648 1158
943 953
370 762
624 2584
140 455
888 949
1868 3080
51 1128
1725 2076
1150 1538
591 1000
1082 3026
150 858
105 1440
987 1754
863 1777
797 2105
156 956
1000 2589
81 2094
284 2944
10 802
50 1339
1398 3157
234 956
2261 2970
1957 1969
54 1710
457 1608
1732 3229
657 1161
230 926
1142 1160
996 1803
572 1018
577 1719
622 748
271 1210
661 1053
1166 2442
40 1133
1194 1250
646 2594
87 892
1874 2988
678 1763
778 1040
2119 2754
1010 3026
1509 3229
582 2461
736 847
9 856
703 2375
2169 2671
94 716
143 1951
262 435
142 805
72 516
1246 2766
503 1716
1247 2515
794 2345
1142 1770
145 2980
351 903
613 993
455 3294
425 2928
645 3167
635 1255
1555 1776
614 2126
769 1459
84 1815
716 2104
280 430
328 937
774 1886
78 2792
563 1572
965 1248
682 1891
130 312
1071 3141
273 1689
805 1188
1407 1424
204 1610
783 1110
702 814
991 2586
2060 2771
227 1616
325 398
897 1148
518 652
1584 1841
1228 2472
759 2009
155 1504
194 1015
1044 1226
599 2267
35 1563
175 1179
1745 1795
378 1135
2800 3166
1614 1888
518 1337
1097 1180
200 674
1391 2074
245 912
168 916
572 2054
767 984
478 776
30 1196
1222 3104
757 3235
1350 1405
1545 1810
921 1588
909 1790
1699 3292
635 2577
384 1934
2074 3154
722 792
919 1752
822 3041
849 3016
832 1500
594 1920
468 1000
1138 1886
1939 2081
152 712
1673 1702
160 205
768 787
906 1710
572 3167
1118 1631
613 2372
692 2300
686 2115
776 2980
545 2058
37 2488
720 1250
1395 2051
432 1489
905 957
800 2317
106 1231
410 1931
265 2208
1130 1618
43 1762
837 908
1013 1591
259 499
2072 3192
2383 2857
725 3014
159 2058
2580 3187
731 2161
988 3016
202 1676
1083 2642
394 872
934 1825
1094 1482
78 964
178 3235
1526 1640
154 2510
405 790
1103 1187
123 419
1739 2059
1192 1685
548 3026
653 1414
201 2172
1742 1891
5 2245
1125 2771
683 1877
1934 2012
249 2639
412 3009
1365 1750
365 1081
141 553
1453 2001
929 1289
431 927
786 2811
218 866
155 1729
273 288
686 911
286 817
926 1931
1975 2642
727 834
232 1613
2546 3167
969 1997
1146 3253
1379 1890
688 743
184 815
354 2182
21 947
657 3263
2194 2639
228 720
1296 1867
1957 3016
1278 1413
513 1479
1533 1632
19 177
2986 3209
1301 2113
295 559
435 1762
1298 2851
901 1451
701 800
1782 2774
677 1958
495 1867
30 2079
732 1896
528 2813
89 899
2025 2113
850 950
589 2687
333 685
338 1418
1967 2152
619 763
1688 1778
350 598
1395 1758
705 3184
420 2182
174 627
1417 2001
2011 3184
991 3187
751 2112
482 505
1442 1824
961 1950
182 638
770 1772
1259 2137
257 2423
102 160
221 507
482 1069
614 1371
2752 3166
1182 3108
795 2699
927 939
362 1563
476 3043
123 2338
886 2495
504 1965
683 1726
2044 2813
1341 2443
1432 1880
1538 2291
1087 1715
510 1395
1519 2827
16 1512
1087 1222
143 253
1360 3080
832 2142
485 1739
790 2571
149 1287
1062 1292
1315 1609
1240 1873
477 754
1802 1882
859 2254
664 1062
1681 2743
1793 1951
1298 1927
880 3042
1132 1709
1716 1850
720 1927
193 1886
159 1510
1870 1894
971 1776
533 1327
494 2035
1137 1941
227 1740
723 2122
699 2065
121 1115
254 1644
1015 2856
433 1427
308 2124
1684 1850
828 2531
1850 2775
1090 1896
1849 1940
11 32
191 494
1043 2577
33 1258
1513 1902
1494 1736
1010 1674
1142 2004
818 1288
260 738
1210 2679
225 645
734 2658
1880 3267
362 1099
1445 2130
961 975
508 652
301 840
1953 2800
908 1141
197 1865
731 1264
310 1435
1119 2058
553 657
903 1879
536 1201
1335 2571
122 868
82 443
729 2293
1464 2042
487 2317
945 1155
10 1958
126 3263
412 589
1082 2575
1744 2372
2053 2317
531 1527
1454 2970
478 803
295 1089
755 1258
928 2290
1442 2443
756 2382
38 240
793 2796
661 3237
1765 2362
392 849
1060 2049
1061 1455
212 3160
205 207
1770 3042
521 1042
321 1013
561 567
1507 1748
1981 2027
1066 1965
600 2028
1001 2864
745 2245
108 593
93 156
225 806
758 1715
902 1616
680 1639
436 1853
838 3166
1221 1408
1351 1638
23 1824
1360 2002
396 1539
1540 2813
430 1643
1322 1616
314 515
136 2708
661 1766
792 1532
875 1084
876 2417
382 1508
35 304
431 2827
564 1638
44 1529
111 655
1164 1277
227 303
323 531
431 1418
2341 2745
905 1481
731 1043
493 675
1182 2579
1379 2175
651 1283
1471 2137
291 2587
759 1736
925 3188
29 1006
446 1220
92 867
1018 1028
1665 1711
1123 2388
761 1358
197 1231
651 3254
178 2361
40 356
285 1302
883 1003
365 1587
704 1229
368 2065
1331 2077
772 3206
1507 1684
9 1133
146 1607
440 2025
2005 3086
1125 1889
664 1265
982 1052
1733 2530
2407 2540
856 1489
198 1443
389 1232
1879 2668
1127 3125
315 1685
1210 1951
579 2345
667 1680
2977 2983
576 2650
157 1063
1277 1918
224 2372
438 686
99 1629
876 2472
2028 2134
993 1204
677 2892
1355 2092
194 1655
314 1270
695 2341
247 3167
1386 1659
899 1436
589 1965
2120 2856
417 684
1171 2340
1130 1179
433 2137
322 787
683 989
20 1540
242 557
137 234
1191 1327
17 743
1047 1452
1413 1875
342 443
50 754
362 1592
2284 2971
1152 1482
128 1871
715 812
526 2006
420 724
422 2243
782 1257
293 2531
1074 1201
1299 1615
461 2580
148 1068
2200 2851
716 2071
247 1306
257 1121
451 1225
695 781
210 352
221 1880
1379 1815
1475 2851
343 1130
384 1443
134 2317
1985 2107
2019 3045
2174 3210
149 2105
6 1874
1245 1341
313 1295
1310 2078
262 2844
159 2071
676 917
465 1953
73 1030
703 2642
792 1135
712 791
711 850
620 2048
554 1001
569 1235
1719 2362
188 431
233 295
898 2319
802 3175
520 1141
931 1290
130 326
106 1847
757 2115
454 1774
1041 1236
84 673
706 2095
199 2857
30 388
220 433
513 2002
169 994
409 2094
1726 2340
871 2060
918 2077
947 2125
240 653
831 1290
545 1208
524 1196
1304 1777
1053 1600
917 3268
1160 1298
1550 2642
65 1743
1086 1240
2792 3167
533 730
219 932
1533 3210
184 1551
356 2712
312 1227
416 2052
336 2277
622 1895
1688 2119
779 2130
990 1739
181 276
842 1169
1525 1773
1161 1889
908 2861
1027 1129
1746 2488
312 1843
909 1888
492 1381
932 2122
872 3218
358 917
279 342
1283 1304
682 1867
55 2283
1185 2774
1625 2950
1173 2775
1299 1999
1651 2589
58 2024
288 2917
800 1619
1359 1912
477 563
1578 1584
789 806
253 461
50 2464
150 294
888 928
1139 2540
952 1874
448 1115
762 839
418 2203
250 2704
501 3237
230 1892
240 1601
751 1668
7 3022
1939 3211
939 2083
1998 2372
1119 2124
593 1572
345 1337
1895 2417
1008 2995
331 1009
62 1242
1425 1841
721 1729
2585 3254
1158 1721
1101 1328
1027 1931
1938 1999
242 938
1104 1366
582 1810
1741 2673
315 793
1366 3267
509 3206
461 1116
1299 3081
650 838
14 1013
1000 1550
473 1640
1615 2124
2203 2774
2214 2488
721 961
1913 3124
328 1385
349 527
1520 2417
561 1870
1635 2771
23 3167
1861 2050
200 2010
285 1987
977 1895
879 1295
849 2679
581 2279
1080 1381
90 812
62 868
1273 2697
207 951
742 2173
1491 2630
785 1959
579 1328
699 1062
551 2841
641 1895
1069 1423
814 1476
1091 1919
1945 2592
622 1817
540 1941
814 1850
1540 1982
563 873
162 1825
1748 3021
766 2085
775 2011
1604 1949
1849 3253
524 2487
734 981
299 1664
1112 1553
1553 2435
291 1052
91 398
142 1291
1899 3145
1591 1798
1452 1644
1646 1828
1533 1604
571 3170
131 1231
414 691
1313 1529
257 2013
271 1479
425 695
128 2283
1181 2024
87 301
1084 1127
1313 3259
964 1739
655 1005
166 1201
2642 3041
195 1241
1532 2007
759 1733
1022 1981
1942 2421
696 749
692 1388
1600 2234
329 3209
9 1265
22 680
80 1062
171 962
303 1544
165 523
309 609
1289 1849
658 2050
66 1713
100 1651
1247 1508
887 1625
584 2076
611 2125
1228 3086
39 3105
163 1788
531 867
2670 2771
782 1734
684 1141
98 1138
195 288
80 1300
13 1408
506 1358
546 1748
222 912
261 1218
723 1142
814 1950
251 1539
259 993
163 1393
928 2931
1752 1762
775 1083
491 652
556 2014
1257 1317
356 1112
1308 1781
633 1885
399 3156
712 716
803 1367
1567 1734
1507 1956
1585 2167
136 1456
1931 3160
1009 1773
14 2162
1462 2515
201 1462
860 1151
430 490
1011 1063
460 908
105 685
105 881
964 1013
814 2865
922 1951
850 3206
473 955
1015 1411
1867 1952
1194 1700
211 2671
887 2171
159 2834
2375 2741
636 2834
821 2630
109 1425
626 1150
8 663
273 599
1588 3121
1423 3094
142 2237
1123 1385
216 1044
1093 2624
57 227
855 1717
1507 1705
939 1325
513 1082
135 184
191 656
1237 3125
1104 3045
188 703
664 2587
861 2119
111 664
146 1522
1052 1609
327 399
1377 3160
1674 2560
266 1749
999 1892
318 2986
1889 2652
40 1146
1519 2100
418 1549
798 889
322 809
361 1042
1027 2276
2194 2950
1131 1406
979 1249
207 323
1149 1414
1658 2243
1930 2160
278 492
642 2095
926 1104
993 2104
585 1220
584 2066
1384 1991
304 2455
645 1981
931 3275
1054 1313
2010 2365
257 782
1900 2096
2104 2981
646 3105
514 617
175 2009
840 2065
846 2397
1274 2585
1423 1567
188 1616
411 778
1224 1546
894 1379
1321 2881
985 1772
476 719
750 3006
20 379
293 865
1215 2766
113 930
345 1177
1949 2012
1331 1861
375 444
456 2814
1712 2170
1236 2866
2642 2739
1898 2752
1512 2317
676 679
2698 3297
225 2160
166 2094
524 1797
297 856
862 1636
448 1310
944 2171
89 2044
13 2106
192 1821
347 734
1740 1778
796 1896
496 1681
63 1493
130 1388
173 2859
1376 2584
1981 1995
542 737
880 984
14 748
1882 2495
92 941
1459 1982
520 526
889 1660
1880 2743
870 2540
2343 3042
1213 2130
38 568
1377 1885
907 1360
424 2007
1054 1957
718 2560
73 469
381 2668
429 2419
1294 1638
85 2439
253 1924
391 755
627 1280
1299 2084
475 842
548 3105
282 678
1376 2067
139 196
499 913
164 2176
154 2067
241 1291
62 877
1142 1941
1884 2491
734 1042
87 570
1776 1990
591 1331
661 3253
1456 1591
1392 1980
1631 1986
751 1206
218 464
823 1452
779 2844
427 1333
240 1912
245 1032
154 1912
452 1931
1746 2865
1616 2669
409 1377
577 1716
693 2150
487 1846
821 1788
1795 2084
364 1871
792 2112
92 806
699 2113
312 1861
1331 1592
1230 2678
347 1619
32 329
981 2380
957 1864
1410 1772
532 2708
315 1525
797 1192
321 2049
1151 1326
9 965
427 3131
1048 3015
337 850
40 401
1619 1702
127 2081
386 1605
1210 2633
227 836
772 1865
669 983
222 321
18 2840
1219 1907
151 1328
30 456
128 1752
1233 1793
262 1249
431 2579
2841 2985
673 2107
795 1638
499 745
341 861
913 941
126 2852
538 3160
23 76
1870 2136
313 2793
789 1998
721 1107
511 2129
295 1370
513 2175
2172 3029
708 915
1802 2467
87 805
33 1421
706 3122
1544 2200
303 2586
536 1967
83 604
107 1015
818 887
315 1481
1969 1977
221 2294
1257 1646
382 2083
30 822
468 1703
68 2647
416 1319
214 309
441 902
479 2348
81 2129
326 673
659 1501
889 1772
1453 1872
104 272
415 2428
177 1062
1887 3049
210 1417
1633 1819
116 2065
1019 1678
232 2419
1533 2152
195 2625
1604 2752
1299 3294
700 949
168 1660
340 2394
681 1426
670 1940
532 2074
462 869
262 1161
62 1885
640 799
595 2515
378 1960
920 1319
736 746
758 2531
1207 2881
122 1852
1179 1567
8 1746
1121 1591
335 400
2329 2996
445 2642
1235 3049
1099 1231
387 1002
106 2531
155 2000
64 3132
388 2276
595 883
337 1206
15 719
681 2361
299 1608
282 1019
9 2666
1628 2996
142 648
996 1237
828 1370
490 2245
716 2284
814 1097
604 1670
294 2059
641 1966
566 780
1591 2065
897 1616
903 1888
822 1103
379 2585
1540 1633
571 1160
786 3208
190 974
618 1765
2176 2530
283 1625
2122 3263
6 907
346 816
316 1979
341 925
8 137
600 1309
1934 2067
2642 3121
692 2775
477 2625
165 1194
475 582
585 1326
59 1662
2034 2120
239 1141
1217 2673
1344 3044
1829 2123
217 296
1244 1310
1435 2097
878 1727
966 1240
384 693
715 2796
158 2133
200 1019
1128 2074
155 395
411 1825
119 364
862 1996
1774 2007
2168 3118
191 435
680 2002
958 1978
989 1427
1890 3015
1206 2419
1046 1353
134 2456
195 1301
53 859
554 2386
638 2488
806 1509
1440 1852
369 837
1061 2985
134 1812
265 1891
521 2851
810 1413
2073 2571
1942 2003
902 1890
1888 3125
102 1828
1580 1870
727 940
165 483
790 1138
1582 2593
210 343
202 1210
1014 2137
222 1889
1940 2060
49 1110
436 1647
378 1338
907 979
1725 1939
704 2243
691 1160
999 2085
425 2267
860 3192
1018 1372
42 754
210 1404
754 1729
1555 1812
391 2510
1282 3268
221 2132
472 1404
947 3108
665 1196
1359 2172
27 2666
83 137
417 523
531 668
784 3263
369 1440
656 1656
594 2003
771 956
326 2585
650 2283
1258 3042
1329 1921
262 347
1718 2529
7 1381
1370 1638
598 1289
398 1137
693 893
11 913
826 1923
1366 1853
255 338
983 1912
969 1509
1393 3044
632 1841
2001 3302
523 927
1204 1728
1002 1977
123 250
395 1423
325 2133
551 913
264 1952
146 2481
1020 1530
737 2130
731 3104
2006 2420
1237 1345
1992 2481
1013 1573
658 1480
120 982
742 1681
8 2167
809 3094
1018 1884
1264 3210
279 1125
1793 3125
1244 1614
1245 1383
62 3245
571 2846
912 1101
1569 1742
347 1006
274 404
623 975
444 2704
7 2792
958 1213
2006 2049
1823 1872
262 626
31 486
545 762
1158 2950
530 1007
81 731
1287 2279
1663 1725
665 1904
1480 3263
196 3306
173 450
707 2560
1104 2110
538 1007
1613 1721
1788 2792
700 1738
2375 2402
233 3259
789 2531
702 1531
1824 1953
342 2532
426 711
941 1716
2079 2771
760 825
90 1825
838 1920
369 893
1552 1706
1656 1973
1159 2401
1788 3208
1754 3021
195 3007
1110 1651
709 3029
189 546
966 1136
728 835
1175 3156
687 1977
530 2054
278 2076
179 1721
5 677
699 878
869 3026
1854 2200
703 1354
1537 2081
1217 1572
1 270
259 1206
2258 3268
389 2290
294 1990
339 1420
365 986
163 2026
510 633
171 2571
1250 2575
1718 2488
216 754
1120 3267
7 3268
352 2214
616 1032
759 1437
1239 1968
200 486
138 1714
148 1349
400 1551
802 1613
2814 3160
322 838
353 1495
792 1350
1277 1807
624 2057
589 911
18 158
1742 1790
402 3013
967 1309
696 2443
346 357
380 635
442 1277
1441 1639
772 1304
596 599
156 621
417 550
331 1158
585 1906
294 857
358 2546
464 3254
923 1309
1806 3254
940 1031
2005 2652
211 2237
619 931
987 1997
739 3094
828 1918
1175 2461
1828 1903
873 1708
315 667
863 1879
494 2082
617 1418
929 1145
177 182
1134 2300
1707 2931
1540 1885
1716 1946
1591 2094
246 1240
2113 3254
607 2874
1572 2529
114 1371
1337 3292
460 1850
37 2869
356 2111
58 62
629 1589
833 2124
2175 2464
83 622
1752 2540
2075 2703
630 721
100 1206
1096 1252
209 2828
1372 3080
502 2944
531 1710
183 1986
349 3170
271 1019
647 2827
850 2721
227 802
77 748
1132 2771
73 2083
1013 1991
1317 2950
980 1925
675 1015
580 1691
1015 1970
1251 1446
1770 1854
1856 1897
82 722
168 594
551 1227
90 1608
448 703
980 1684
164 664
850 1381
656 1155
877 3132
1007 1853
984 2173
687 869
686 990
341 1271
421 1613
1126 2970
485 3154
19 924
1130 1772
31 1981
632 2291
1118 2160
823 2483
780 3306
367 1071
499 1043
648 954
703 3192
288 1664
1098 1283
368 3086
1752 1935
807 3166
517 577
157 2704
1180 1225
1660 1846
594 1458
636 859
1128 2119
1495 1820
744 2655
107 303
17 1490
1258 1427
242 2677
195 2531
1733 2099
2254 2795
387 2006
46 1975
1155 1368
381 1335
1482 3267
1496 2874
806 3122
168 1664
572 612
566 1088
1488 2398
635 2010
1313 1781
171 878
1074 1428
782 2585
1441 1659
107 3187
1245 1466
349 869
1688 2176
868 1458
808 1891
975 1843
275 1980
413 1552
319 2869
76 684
261 1725
215 231
2012 2917
728 2009
774 2699
1658 1900
42 1424
613 1137
292 2340
1545 2014
281 1423
22 3129
545 2658
762 2338
1224 2698
145 442
428 907
823 1820
172 700
563 1726
8 111
204 2465
1161 2795
936 2115
53 2051
516 3175
396 612
707 2704
366 2725
1665 1879
217 594
606 2766
516 819
2094 2546
821 2571
154 492
393 2428
1003 1912
1161 1412
638 2284
282 1038
767 1765
2329 2746
583 1574
138 1372
1394 2037
432 1240
622 1739
214 1899
76 1215
263 2987
243 765
1087 1387
6 770
1850 2094
429 439
323 1357
1082 2925
1822 3292
150 2166
117 279
28 2005
2058 2731
89 1079
54 2112
171 539
395 873
649 1451
816 1735
263 1123
449 2084
1631 2740
139 344
1555 1890
706 1790
39 1864
907 1726
87 250
1145 2984
721 1939
141 281
2466 2640
1159 1718
196 769
889 1585
374 1728
623 1496
1820 1966
1009 2084
947 1038
540 691
1584 2754
148 255
136 1245
1665 2361
30 2116
349 1455
61 1434
1299 1884
1064 1531
426 2699
532 736
79 811
2340 2423
502 1252
198 1082
568 2074
349 993
2182 3165
1081 2466
292 797
21 55
470 854
1092 1631
405 706
313 470
315 1254
949 1881
249 1091
448 1360
1705 2092
44 362
742 3007
2141 2237
4 312
1458 1766
1819 2725
319 2510
811 1368
750 1555
1166 1660
30 163
89 136
2402 3121
550 1858
93 166
254 2254
303 766
334 1136
154 336
552 825
854 1587
1435 1852
312 1123
312 516
283 1499
94 487
752 858
1236 2725
636 756
1411 2214
2467 2669
839 964
2546 2572
486 3021
682 3010
704 909
1211 1508
433 840
1424 1432
469 1529
432 1495
250 585
1252 1634
288 1488
1895 2151
1093 1424
196 720
409 843
1514 2291
273 2014
1552 2175
1951 3116
9 2135
634 2697
334 2670
1016 1104
708 1922
1319 1854
1363 2529
709 1370
543 799
2551 3218
192 971
1465 2290
444 1700
345 834
231 1357
19 2055
108 202
366 3245
1372 1471
1194 2589
209 713
90 1301
105 2055
173 1680
147 679
255 1093
903 930
168 807
296 1410
109 1854
1828 2000
191 2362
902 2395
150 1605
817 2481
228 683
1591 2784
1383 2534
246 439
1127 1733
353 1552
1408 2173
177 1531
420 481
375 653
133 3156
2546 3015
76 1722
347 1853
1374 1682
711 755
1482 3156
519 1684
344 674
913 2435
860 1676
80 778
807 1134
66 2640
613 1117
40 677
313 2340
360 742
1527 2042
978 1975
245 1725
341 1004
1975 2084
1628 2457
241 638
539 1774
696 1462
883 1185
1705 2131
94 2372
720 1224
1357 3163
1344 1623
1718 3237
1956 2132
1458 1627
965 1354
1319 2456
1644 2338
1331 1806
1922 2051
1054 2647
684 840
1450 1614
6 36
1420 2184
1355 1572
288 475
1102 1589
660 1889
1215 2771
801 3108
1711 2407
471 2708
1717 2142
664 879
601 1290
113 1982
339 625
309 1277
1171 2443
104 1224
1407 1662
322 343
509 1132
282 1901
78 1458
1532 1754
517 714
2234 2585
872 2215
1408 1683
365 1112
1047 1618
1116 2013
33 2678
624 785
321 3112
1706 2106
251 1515
673 1018
562 949
1006 3237
78 532
1278 2033
333 570
555 1847
32 3080
54 1232
1197 1871
1742 2044
899 1923
532 779
93 149
45 452
217 677
280 2981
573 1685
1583 1709
1161 1674
751 1674
81 421
280 966
242 2546
690 2129
814 1248
205 531
1323 2652
349 1282
170 729
1488 1515
329 2365
1951 2094
358 814
1515 2000
21 1794
867 971
1379 2423
1620 3268
695 2712
737 1140
90 1054
491 1520
463 1124
549 2551
1600 1806
850 1525
72 1437
741 1923
908 1110
453 1340
220 2995
328 2194
408 2971
1618 3043
417 1228
1758 2245
298 1018
93 688
50 630
353 427
508 2077
769 1639
245 2725
502 1924
429 2171
2037 2131
1040 1840
866 1702
168 2579
667 1137
2462 2593
440 2465
235 3005
570 829
1149 3165
1900 2910
412 519
581 805
1230 1681
753 1299
474 1580
844 1872
981 1699
114 3165
794 2051
268 438
139 1748
584 1758
938 1107
1996 2514
786 1709
146 1714
296 553
281 339
1567 2173
1372 3159
1357 1902
743 2546
382 1290
51 331
490 1633
33 1588
651 3210
994 1342
1427 2175
589 916
1640 1951
130 451
111 1435
256 425
1304 1408
857 1355
744 2435
719 1887
591 1391
1427 2633
255 1544
863 1391
205 1452
953 2917
1489 1501
1273 2584
398 1152
471 2071
1058 1349
1264 2987
1251 2571
270 1359
286 2962
170 838
1409 1629
594 2874
838 1076
1775 1817
1417 2481
1176 2135
1239 1935
423 810
1393 1741
857 1681
621 1176
547 694
826 861
708 1592
419 952
764 1599
365 741
665 1543
712 1832
988 3086
148 1127
1357 2006
136 2917
980 2420
1210 2383
591 930
338 1244
2105 3042
589 647
647 1788
1019 1717
1584 1844
117 561
715 2442
2 1224
1379 2170
401 2447
116 1877
392 1513
901 994
2361 3186
1009 1563
1537 2864
83 1664
704 725
1441 1737
762 1011
2293 2986
431 3218
1395 1967
98 1939
110 2388
146 799
296 788
1180 1201
83 2131
924 2122
16 153
90 747
1236 1338
1639 2668
853 933
381 1128
300 1545
114 1464
526 1141
1706 2456
2 868
833 2461
88 889
347 2814
923 2283
753 1896
1038 1445
505 968
80 734
445 3043
908 1627
1059 2648
716 2811
124 381
273 1926
771 2132
680 699
726 1295
280 1961
636 682
692 2633
400 1375
920 1585
961 2032
63 1601
81 1765
903 2584
816 2924
598 1323
159 3108
554 2214
482 1099
1662 2650
430 3235
1306 1991
541 2208
686 1062
712 860
1865 2243
725 1479
33 913
273 1222
203 731
1434 2442
939 1563
1824 1881
1258 2000
1913 2584
232 470
682 1664
184 876
1046 1150
14 784
961 2010
460 2895
932 1978
416 744
1589 1748
260 2111
939 2166
1614 1945
200 3292
312 1832
1414 1770
572 1161
109 1509
133 2462
335 1249
249 496
183 906
1561 2059
51 892
803 1506
757 2988
450 452
508 1532
1881 2488
220 2594
330 1451
131 759
124 1370
739 837
1270 3014
209 1270
242 711
566 1039
397 1583
660 1142
2137 2416
1008 2133
1190 3049
1015 2097
7 1875
38 1938
113 2722
378 1424
489 650
1735 2019
186 1824
84 3236
580 1265
1323 2917
291 883
530 1732
113 215
123 1766
180 1986
299 548
1406 1583
663 1340
1200 2382
1219 2051
287 292
492 2082
595 978
533 965
1277 1981
492 1917
903 2677
1191 1797
1703 2038
1270 1359
43 2652
579 626
1620 2800
727 2345
841 1107
190 1599
1873 2243
66 3184
228 1940
753 1313
1464 1706
1176 1776
1113 2970
917 2859
1374 1754
493 1549
982 2075
88 1705
265 863
38 1189
512 857
1180 2172
40 1925
1627 2712
104 1950
2081 2123
734 1355
76 657
479 2580
1135 1433
1206 1718
177 941
975 1903
232 3156
599 2057
251 2395
63 1508
100 249
1099 1381
438 728
128 2150
550 1745
1475 2140
177 550
49 227
829 902
722 3304
1930 3273
486 1794
2100 3188
1178 2704
1450 2058
618 711
360 1296
1139 1849
352 706
1544 2260
486 851
140 2038
49 1306
1867 2151
295 651
432 1090
1546 1968
1309 2141
397 2703
934 1191
937 2345
2859 3259
991 1958
76 1039
749 2152
240 1635
1207 3192
140 365
637 2416
334 394
1729 2290
391 1867
1099 1981
63 260
2572 2586
519 2115
1351 1453
839 978
240 1821
612 1306
886 905
437 1235
1412 1934
610 1002
266 2580
984 1368
898 2071
630 2732
382 862
688 2639
10 76
1370 2995
333 483
635 2261
31 159
107 135
921 1495
2025 2217
272 1708
555 1546
271 904
213 758
1028 1381
1089 2173
488 1028
284 472
893 1402
1155 2120
663 1945
249 1515
321 943
496 875
59 1631
1308 2593
689 2074
2553 2985
1996 2150
907 1998
40 3154
425 670
1357 1738
1953 2060
189 883
210 805
1754 1956
220 2731
460 2526
1296 1462
47 1969
126 737
479 1470
385 2462
1117 1828
752 832
930 2081
21 566
1711 2151
1500 2586
352 1798
1333 3287
424 1504
789 2514
145 1155
337 2077
397 1975
268 1935
1404 1504
730 1688
1038 2774
524 1005
1615 1858
634 1589
860 1446
1005 3256
1996 2057
1868 2057
2448 2706
368 2673
99 733
345 1858
850 2732
1569 1902
402 1422
101 2745
799 2074
2348 2864
217 1758
1639 1680
82 634
339 2365
795 1489
472 2124
1573 1742
76 2928
1370 2581
102 1678
1807 2361
463 1795
847 1166
1187 2049
454 999
494 1727
353 941
204 1433
888 1246
443 663
675 1875
778 3079
1015 1273
1735 3269
515 614
2076 2170
655 817
294 949
14 347
153 802
994 2082
420 1387
109 1550
455 1600
133 732
387 2254
934 2059
1414 2002
48 1873
299 964
500 1754
504 543
2652 3175
1381 1533
678 1096
388 2200
711 1201
102 1206
1328 1340
964 2633
371 593
909 2925
275 3016
152 1402
1213 2585
288 2372
851 2540
425 990
1015 1790
634 844
1639 2184
700 1985
715 1120
19 1351
153 684
594 1987
2057 2122
25 227
147 1730
11 1252
1749 2585
912 1352
18 1992
1210 2864
948 1877
1153 1640
419 1256
274 722
609 665
1282 2329
187 930
375 2708
337 1028
19 1840
1604 2639
1032 2122
854 2291
838 974
228 550
1153 2110
364 2546
66 1998
270 272
342 658
693 3045
931 1793
717 2491
821 1038
449 1161
1354 2586
436 1192
330 1016
274 619
1230 2987
774 936
1872 2208
1337 1407
497 3206
749 2012
542 1580
1087 1197
866 1173
12 842
252 1529
354 1084
40 875
245 1847
1825 1968
499 1613
566 1773
1774 1995
1632 2094
438 820
889 1043
1048 1259
1313 1874
132 150
1662 1880
260 1186
92 555
518 1038
640 1144
680 2072
120 3132
771 864
490 1182
1527 2745
189 2580
1609 1705
630 3131
216 234
2746 2844
598 661
768 1108
721 1726
687 1882
997 1746
88 613
1970 2085
158 371
375 746
1886 1944
34 1781
688 1935
349 2746
355 918
2126 2575
657 1766
462 1955
1142 1481
1221 2491
578 694
453 701
48 653
1941 2172
114 205
1922 2172
1081 1802
1926 3094
1043 1998
440 1207
54 136
2419 2795
1381 1750
323 2456
26 2294
53 1999
111 857
268 2162
1101 1243
36 2047
573 2580
517 675
151 632
61 1116
539 1129
216 642
1795 2858
94 523
349 810
169 1254
1310 2435
1255 2136
192 1650
271 337
1028 1248
1039 1753
999 2895
455 1409
701 863
846 2293
576 883
187 1385
319 606
918 1874
231 886
166 1944
1454 1934
523 1271
402 2580
360 3273
262 2037
1360 1674
1618 2200
317 2754
1051 3229
174 651
416 1300
616 2134
272 787
548 2652
899 2977
904 1520
1662 2577
278 2874
617 1256
11 1950
690 1538
1287 1317
1434 2383
1847 2119
427 1982
520 3267
155 322
1950 2648
1885 1942
2094 2746
927 1249
194 1123
1647 2059
1327 1372
230 2721
45 2428
215 2028
269 1002
142 2455
929 2168
693 1475
283 3043
822 2530
420 2100
577 2172
1246 1385
15 881
794 1986
271 3045
283 2594
16 1762
1691 3157
528 839
259 2864
1115 2925
188 1422
96 1210
1252 1743
128 2084
11 63
381 483
577 1704
677 791
167 1427
355 826
460 1789
1499 2050
214 432
298 3237
341 1007
794 2625
2362 2650
68 1676
1159 2283
1533 2844
732 1826
1210 2585
1294 2526
827 2038
2184 2472
1291 1673
1892 2365
434 1734
1028 1231
178 2988
1129 1754
637 1748
1148 1742
1144 1771
923 1385
398 918
248 1404
712 1204
117 3218
463 885
1342 2054
1802 2481
822 3086
3218 3294
923 2160
1149 2345
19 608
185 948
781 1512
221 481
535 1790
756 3292
1424 3304
175 1181
409 1583
633 856
115 1020
452 730
1823 2175
45 1977
220 778
21 1412
1598 1882
264 1229
237 749
1958 2625
340 801
327 2081
473 1047
1359 1432
2510 2861
323 1119
355 3186
1708 2895
219 469
631 2170
276 454
273 918
612 982
702 1030
3160 3209
2134 3254
173 932
435 1898
390 1588
981 1124
1086 1775
117 836
63 1032
383 2290
908 1350
1334 2142
154 2650
21 65
522 1010
40 2124
586 2729
2722 3159
1504 3267
547 633
619 749
299 1225
670 2172
257 382
117 1501
451 487
795 3141
684 1175
1387 2592
1225 1397
119 581
1133 2129
342 1762
406 610
354 556
1188 1733
1519 1861
688 3080
296 2146
527 1141
264 424
1640 2745
1739 1861
612 2110
1113 1414
2184 2910
812 2380
231 859
477 1144
1239 1828
353 547
311 738
222 1391
461 1462
641 1322
222 2092
5 778
217 941
420 3306
669 1527
581 2865
435 2398
796 1533
230 649
83 812
195 1691
560 1046
641 2745
2126 2397
947 1005
1005 3259
1980 2706
362 1470
34 35
535 887
589 1192
723 2869
73 948
171 1982
120 3218
49 261
1798 2319
138 1553
102 2033
142 208
410 1771
1175 2024
580 1615
428 2658
359 907
1952 3269
1770 2329
1860 1975
1532 1770
3208 3254
47 484
1240 2593
782 1646
1187 1636
996 1496
809 2131
341 2085
1740 2579
196 1268
744 1696
5 2380
335 2551
52 977
40 1870
1450 1515
706 1552
507 1636
365 1729
280 840
1828 2462
1637 2962
234 2673
635 2076
691 2343
136 879
54 1815
442 2409
1514 2122
1651 1992
2456 2487
230 2910
980 1118
271 1730
1096 1958
86 1592
245 2796
1998 2074
746 955
507 1926
297 1210
764 950
669 1418
264 940
871 2625
72 3185
702 2122
1243 1881
111 160
308 1274
238 1180
1161 1659
1743 1775
289 1014
538 2098
752 1529
2038 3210
621 776
1682 2348
255 1704
1436 2741
333 2980
2066 3042
1291 2732
1169 2731
311 2284
342 1821
670 1501
114 922
1004 1545
519 1014
549 585
1450 2721
