237 3268
1781 1998
601 683
784 2035
6 2237
1888 2208
298 683
994 1228
2053 3079
148 1840
1750 1930
609 1942
768 1253
789 2097
126 2116
874 2793
531 735
375 553
938 1404
312 2132
643 918
996 2423
659 1042
861 1903
184 627
18 1788
189 1992
453 669
1819 3094
23 647
201 796
646 662
1086 1504
1115 1748
346 589
267 1159
820 986
1456 1734
40 1337
1141 1992
209 957
790 1358
2142 2712
1195 2784
489 3185
500 2840
290 1146
247 1299
735 1171
1436 3210
502 1628
991 1711
241 330
814 3163
1204 1315
347 2455
109 1661
802 1182
58 906
2093 2671
685 2104
333 2027
2243 2639
351 2668
1888 2858
474 2112
343 1368
505 3145
1532 1877
1230 2099
1229 3108
12 2380
2267 2851
846 1887
1219 2647
526 1552
117 1006
549 2276
485 675
43 2084
531 904
160 888
806 886
212 455
2006 3132
638 730
1197 1865
527 1600
1507 2152
213 943
43 266
315 1321
1639 1844
53 370
604 1445
1615 1858
160 280
1846 2200
508 1901
682 708
189 1921
834 1169
1481 2630
1588 2540
219 2182
2 230
64 143
506 924
2004 2532
1027 2215
1081 2340
490 2066
724 1512
263 1119
692 2725
1116 2630
714 873
608 920
955 1299
1668 1996
1014 1285
270 977
1185 2211
2970 3210
339 2465
1166 1170
832 2910
1820 2846
1199 1350
1083 2457
1082 1138
841 2027
677 1425
317 894
375 1930
174 878
627 978
1589 1735
212 2703
418 638
1062 2671
797 950
889 1790
471 1829
326 3273
39 2852
422 1530
400 2133
1118 1224
1579 2125
1607 2442
209 568
919 2529
339 1861
2105 2540
78 837
217 3094
371 1861
285 545
342 1325
251 2097
727 1829
20 841
401 1491
34 1676
1014 2394
424 1955
1422 1952
1631 3259
388 530
880 3145
1434 2669
111 678
1674 3079
1197 2051
610 934
528 1752
145 648
610 869
1807 2456
921 1325
138 141
1749 2409
1217 1661
812 2579
140 1368
1365 2140
498 1019
156 488
13 2171
1224 1844
964 1776
1352 3209
387 619
26 1032
1058 1278
1149 1539
53 476
177 1250
846 1139
299 3104
2703 3302
712 2700
1303 1843
190 1128
542 1019
545 603
1525 2721
180 488
1286 2024
1746 2007
740 2203
369 593
394 1217
224 1089
655 1965
164 596
1192 1633
1361 2277
834 3236
1881 2529
610 2421
446 2033
1287 2464
2025 2113
166 415
1110 2970
1712 2026
1759 2112
1902 2708
561 748
73 443
1822 3042
562 1793
71 243
1160 1218
708 1481
265 1191
295 433
526 2182
1448 1449
395 1686
1003 1967
1007 1426
1280 2844
920 1881
449 2361
92 1329
478 3042
790 1342
1188 1730
734 799
780 969
192 1255
31 55
1884 1932
319 1598
1660 1721
519 708
195 2642
1371 1634
994 1520
198 2093
724 2925
189 666
107 768
163 728
1554 2706
1028 1186
1776 2655
638 1188
813 1705
170 800
350 2057
217 788
1219 1951
864 2260
437 1676
509 1644
1823 3273
501 1748
204 2693
766 2984
181 2092
938 3086
1194 1301
68 1875
653 1978
225 358
324 3160
933 2858
605 775
661 1286
1673 1762
1204 2514
728 2732
456 1861
564 2099
1513 1703
111 606
586 616
1856 2386
1975 2795
77 1990
1901 2581
1527 3165
758 1554
561 1042
550 591
73 195
172 2472
269 1351
373 1807
662 1130
103 3104
866 981
1865 2983
927 2104
573 2084
1246 2162
885 984
444 2439
2010 2150
1605 3042
604 969
1039 1941
1087 1718
167 702
485 1623
784 2348
230 3159
28 503
73 1563
2184 2795
168 1031
1646 2162
2106 2283
854 2107
1169 2754
33 1270
68 1718
135 643
276 3094
2807 3113
212 578
1265 1610
455 2865
1016 1884
556 2047
676 1349
451 518
233 2115
911 1754
108 590
1370 2032
175 831
446 976
1345 2407
1054 1248
281 2115
415 1532
379 1440
3185 3188
521 1032
177 948
397 726
1610 2858
912 1253
307 928
511 2740
456 489
1436 2142
413 2007
402 2924
944 3267
567 744
1685 3125
335 1084
597 2560
751 1563
912 2007
696 1408
1151 2584
333 1807
343 1462
1135 1494
21 101
2579 3306
276 2130
340 526
767 1859
920 1940
461 1208
335 3275
141 696
315 1982
2659 3080
712 1643
968 2049
1225 1904
574 2051
2073 2394
431 1900
181 2624
1321 1561
1953 2639
246 2027
1598 1868
931 1408
706 775
1513 3192
2977 3192
1563 1714
1464 1601
140 219
591 1516
203 543
524 691
89 305
763 2931
1549 2162
66 617
108 2077
545 732
675 967
800 2175
43 1459
431 663
709 2375
752 3259
502 577
1101 1705
1730 2673
833 1003
134 686
57 1877
1164 1366
1015 1574
1935 2980
10 1520
46 1086
423 3185
901 1069
473 916
451 2003
969 1737
607 1287
452 820
1319 2083
981 1182
112 1123
1231 2739
247 1329
477 1652
468 1543
9 1368
1197 1652
304 1222
1300 1495
1210 1705
1249 1997
177 1349
356 2515
1741 2214
1616 1702
1427 2698
1379 2056
509 2123
509 1978
534 1173
1219 2060
3121 3141
352 799
36 1005
512 980
632 1387
764 935
1233 2589
488 1072
276 1102
319 475
1471 2168
936 1286
664 961
157 202
104 245
1072 1977
637 3157
709 1127
1348 2671
1385 1742
590 2260
375 751
1600 2073
113 778
314 1977
730 2352
771 828
213 244
1987 3186
1493 2795
1476 1500
343 2372
970 1271
761 1950
1689 1995
71 1046
681 3269
607 1743
1258 2116
650 1858
2025 2587
878 1313
1046 1589
755 944
142 1941
826 2026
417 2920
1902 3080
659 1179
450 1091
2 18
432 1189
942 1522
148 1529
1442 1967
901 1259
393 1274
294 2052
652 1885
1020 2002
2706 3263
2397 2687
2110 2560
1973 3268
616 2461
221 1579
316 1142
1529 3044
2529 3123
627 870
301 454
362 1440
1614 2987
965 1704
728 783
424 1949
68 2032
341 1051
235 832
728 2640
321 835
1093 1637
205 613
820 3043
1063 3042
594 2036
393 1283
2137 3245
2082 2592
853 2203
600 1141
28 1958
632 1788
536 542
764 3021
709 2977
1254 1553
1921 3163
1453 2722
318 2003
22 1385
1616 2678
699 1339
1145 3237
514 2752
1051 2858
1803 2131
741 2038
2051 2085
1361 2261
751 1413
860 3287
43 1958
451 987
1018 1655
597 1884
465 1578
296 2600
1287 2766
52 2362
540 1545
1204 1441
1913 2115
1041 2094
568 1703
1031 2856
47 312
635 1664
261 1104
185 1039
2005 2677
798 2743
2169 2858
609 638
151 969
666 816
1465 2586
698 876
1041 3086
219 448
328 1328
1276 1689
1255 1955
971 1633
556 1407
1545 2586
563 2166
197 1670
214 1226
1160 1289
468 1032
105 371
209 1246
1861 2592
789 1312
282 1046
711 721
944 3007
361 1738
1139 2466
1138 2593
59 2013
993 3209
203 2176
803 2014
425 683
13 1871
533 1643
259 3086
1514 1689
1074 1199
1651 2928
249 1175
689 2985
116 2852
1140 1817
2364 3159
788 1125
1131 1230
49 73
905 938
1859 1951
83 3156
888 902
389 1776
746 1932
2066 2745
730 1686
355 2019
633 1397
600 1300
1585 2791
110 2267
238 679
248 2950
380 1394
100 1985
989 1553
496 2112
1719 2115
1759 2669
1688 3253
653 2729
905 1718
500 3294
1740 2034
648 1443
538 633
1351 1923
970 1516
6 543
1514 1879
736 1395
710 1101
455 504
1022 1527
597 1099
183 1040
101 2076
1117 2075
334 1888
531 3081
827 1691
785 1640
999 2203
1192 2321
5 1895
40 163
436 745
509 1712
111 2058
327 971
460 1583
1861 2639
255 1775
286 1303
584 2032
1127 1711
1553 1944
598 1349
396 808
591 1579
375 533
960 2400
799 1263
456 593
1629 2261
876 2123
710 1457
924 1529
666 1348
648 1181
2317 2857
533 1053
1331 1684
261 1515
314 724
523 1129
785 1266
230 1041
2065 2745
865 2059
98 616
825 1907
1508 2060
1221 1940
367 1424
669 2065
602 2168
513 2560
1736 2577
519 1549
229 3267
1327 1608
805 1894
294 3014
988 2670
347 1710
434 1046
1441 2116
59 2095
213 1623
296 2067
565 3267
214 632
569 1718
2800 3297
345 2652
81 1066
58 429
265 1003
285 1069
1457 2858
797 1014
224 266
329 1987
2375 2530
41 305
595 2740
517 1131
1600 1738
385 1164
213 749
243 1563
238 2094
305 1861
416 1634
784 2840
397 1973
783 1358
1031 1153
310 407
314 1981
117 1072
531 1015
297 784
1512 2014
24 429
803 3022
444 588
475 1583
1285 1550
1138 1591
337 744
1405 1965
1365 1941
744 1044
767 2585
388 3273
1040 1192
1086 3081
1219 3166
46 1038
715 1489
437 2746
7 977
607 1145
829 1572
471 1303
1456 3041
796 2668
238 1765
1160 1453
1758 2077
568 745
687 1752
532 668
1030 1443
247 2575
692 2530
177 3125
2058 2741
400 1301
122 2874
232 1199
593 1938
2479 3208
602 1081
1996 2395
13 3294
625 2844
446 2142
1101 1470
1130 2011
172 1515
1412 2083
1353 2931
1781 2167
1766 3015
294 571
351 401
527 1709
1020 1643
809 1245
602 850
533 940
1700 1950
203 903
832 1414
521 960
438 468
770 2160
604 1466
601 1432
1107 1499
547 1684
1135 1620
1411 2009
1083 1680
160 313
489 1531
2 1655
809 2162
807 1906
60 1112
1062 1494
763 1781
134 425
990 2865
1211 1870
36 2640
222 1108
13 1631
1137 1583
855 2277
319 1208
77 2126
1520 2097
1999 2260
789 2642
59 370
408 498
54 818
27 713
265 971
87 1304
1919 2009
154 2732
149 1300
900 2007
2093 2996
907 2584
349 1721
1749 2010
462 1255
863 1985
1691 2186
1325 1986
775 1062
627 1924
48 3236
1194 1464
336 1646
462 657
265 535
1060 2679
984 1712
485 799
569 2194
2009 2092
433 1644
851 1062
800 801
563 713
502 3167
605 1249
1031 2049
485 936
790 1340
481 1740
186 618
446 645
1079 1686
429 1481
886 1224
474 1494
95 503
165 1504
669 1802
699 1899
1507 2100
421 1592
172 2697
1978 2984
1288 1980
946 997
523 1664
197 2655
757 2530
334 457
916 1588
122 1365
2123 2856
781 1919
143 1298
746 831
988 1539
854 2924
254 1662
594 758
1005 1753
716 3079
1091 1829
1614 1699
580 1550
24 2010
311 2580
496 2944
574 1682
405 2869
983 1953
662 805
558 874
791 1772
646 1918
562 1221
923 3080
1263 1907
575 1239
1058 2581
448 985
79 1201
102 2465
1609 1733
1007 1997
1306 2126
1019 1978
1317 3186
912 2097
2293 2813
71 352
88 398
290 2122
461 1493
136 2479
2254 2725
950 2009
1077 2053
878 1491
883 2971
837 2276
21 831
490 1237
213 255
87 189
1633 1726
759 1291
1434 1735
2095 2260
571 3160
233 367
547 766
558 601
187 669
1637 3080
638 1295
65 2277
180 676
1435 2678
582 1773
1081 1291
983 2700
613 812
1658 2095
2169 2348
662 2079
935 1507
1607 1853
962 2184
1199 1737
451 2200
1923 2766
121 742
258 921
292 1481
310 2858
279 821
494 550
967 1942
556 724
95 1443
140 507
693 1042
971 2059
492 2208
775 2435
1681 2472
60 2146
1812 1935
1093 2745
264 1397
398 1979
1130 1810
2173 3108
551 2447
981 1015
151 1384
938 1750
63 1815
203 854
1652 2840
983 2120
1253 1659
550 2944
342 2793
885 932
1148 1890
423 2971
1289 2980
1482 1573
1216 1326
32 2123
406 2076
533 2465
776 835
211 1728
744 747
45 581
21 335
1615 2362
708 1340
1377 2457
589 1823
899 1210
931 1515
695 1216
1041 2162
2084 3210
1112 3302
2529 3116
314 2352
917 3154
515 1092
192 253
608 737
1063 1607
1043 3026
1225 1372
295 980
121 1882
1204 2077
224 3122
123 387
999 2098
568 1923
733 1348
2402 3304
1123 2111
457 1388
63 1479
1004 1341
211 1823
439 1601
376 1171
623 1327
556 1092
693 1977
1495 2010
16 48
81 617
36 2652
1746 2580
781 2053
909 1705
202 2217
1968 2208
12 159
1377 1410
649 1087
881 1637
732 1391
803 830
1059 1544
1507 2131
545 1704
1130 1682
2060 2291
441 736
974 1366
522 2593
2033 2237
707 2071
1158 1464
947 1046
430 2865
151 1046
1658 2553
1072 1451
737 1321
944 1247
1255 2584
635 2910
556 1116
1383 1539
311 2079
877 1119
1180 2584
109 1352
2125 2983
1103 1227
1423 2892
993 1715
1601 2057
106 595
508 1411
1155 1777
967 2464
902 1578
196 2317
107 2456
898 1235
250 1939
1464 1806
2116 3211
930 1153
356 2925
2084 2200
511 2721
1609 2099
463 2495
709 915
154 1087
902 2010
383 669
286 1686
312 440
666 2072
514 3175
160 883
877 2439
252 1637
602 2531
339 2194
283 2813
1639 2910
944 2456
353 2639
865 1198
107 1115
1394 1664
681 2136
736 978
236 1008
1030 1270
1669 1943
1360 1427
864 1601
1742 1763
1088 1763
124 1759
734 2001
1081 1424
1285 1409
441 1341
163 767
778 1178
11 222
982 2625
1208 1619
803 2693
732 3005
1001 1013
130 1705
874 1802
440 3185
44 255
306 1282
678 2739
8 3022
715 1235
421 2078
85 1573
835 1287
192 364
751 1096
278 2169
1445 2846
721 2106
665 1649
856 2395
1674 2743
92 2771
1853 2448
242 935
398 778
905 1625
2077 2096
1159 1829
617 2140
280 1546
837 1592
276 1552
69 2484
488 3165
847 1491
174 662
90 1655
197 242
291 2779
1130 3123
2014 2129
471 2852
1260 2383
1662 2462
517 1404
506 1664
1625 2151
813 1427
57 1120
1031 1300
57 746
1007 2859
402 866
1704 1889
1241 2074
166 3294
1082 1629
678 1708
582 766
748 1121
1424 1427
488 1296
613 758
975 1985
9 629
229 1352
437 2729
146 440
1968 2065
311 1247
1652 2071
1338 1599
364 2276
569 1476
311 1822
489 823
795 838
24 201
1404 1766
1192 1495
989 2428
621 662
514 1288
2 2669
1353 1425
1117 1393
20 163
158 3104
442 599
672 2100
250 1935
400 1041
365 1149
370 2290
714 982
907 1482
19 1736
435 1113
425 2361
1509 1826
1934 2725
288 1287
196 370
1169 1229
707 1538
750 1686
1395 1638
723 724
1082 2586
1087 2581
940 2416
2203 3167
922 1702
148 244
1363 1790
1553 2113
1912 2846
30 903
1735 2487
636 1213
109 2050
117 2034
1113 1265
562 1927
752 2580
496 1442
174 2394
2035 3210
900 907
275 353
785 2149
208 696
691 2841
901 3208
323 2383
841 2677
242 2010
434 3121
609 1754
559 1663
510 1631
23 1292
1155 2551
635 1140
482 1366
395 2044
268 2142
717 1171
827 2345
52 1700
622 3014
985 1736
233 991
1148 1348
828 1719
889 3104
767 2111
263 1152
127 1678
1315 1946
178 1789
369 2971
1385 2630
1348 1889
83 1102
177 2116
1249 1650
770 2532
21 576
790 2161
186 622
8 515
227 541
156 3029
299 919
307 1291
1020 2457
101 2625
614 918
473 2666
743 1610
730 3043
1604 2462
303 1513
1155 2194
917 2793
335 1691
303 1969
2036 3292
1044 1960
472 585
1405 2442
408 3045
563 1891
368 2009
968 1949
1280 2673
242 1773
695 1418
460 686
403 1997
123 241
815 2851
673 2917
1911 2067
249 291
587 980
143 631
91 608
89 345
790 2650
536 816
1644 1823
428 489
112 1525
366 3186
482 1522
784 2752
769 3256
205 1394
765 2283
442 1926
58 493
465 2123
85 227
993 1713
761 1253
1716 2579
18 246
806 841
889 1280
869 2037
95 2858
1480 3081
141 1907
1386 2002
76 813
1561 3007
1142 1828
440 2044
390 1529
964 1123
864 1563
1428 2014
1349 2834
783 969
584 1013
780 2169
909 1877
133 834
839 911
1090 1856
880 1970
826 920
98 201
1228 2150
701 1363
30 158
695 1880
1108 1286
342 1436
1488 1824
109 329
618 1290
523 940
168 1488
2388 3269
1041 2861
1513 2703
958 2593
591 925
609 3125
1351 1539
158 1465
704 1086
803 3256
702 1271
325 1815
1660 3010
63 637
575 691
917 2703
2670 3123
974 1349
557 817
744 1882
2659 2970
1344 2962
423 1317
1185 2243
103 870
178 1061
793 2466
495 1104
163 1539
333 1367
1084 2361
2580 3211
429 1379
1013 2010
416 793
1417 1849
40 413
217 547
239 849
450 1678
503 1880
820 1188
817 2260
733 3014
259 2186
31 1120
435 3188
682 2007
1446 1935
15 803
1527 3112
290 2383
124 1130
1104 1776
1832 2592
295 667
164 1763
695 1239
156 1832
132 526
1894 2584
2 1902
1189 1244
1137 1417
704 1716
509 3094
702 1098
536 2276
255 1040
312 431
753 1127
920 981
1750 2931
1104 1335
461 1161
2093 2131
684 730
553 1150
1044 1740
721 2184
160 1377
336 1414
27 573
1323 1710
1493 2072
1090 1096
1957 3094
336 418
202 2341
2408 2841
115 1387
488 2995
361 2009
440 1442
597 1015
162 413
274 551
204 218
42 1384
2056 2775
1242 2058
102 624
216 1215
2293 2944
2732 3022
1042 1144
1312 1925
623 800
23 627
337 1543
88 210
1659 2593
428 1248
519 624
60 1290
1752 2984
1294 2491
145 393
144 927
557 991
868 906
2386 2739
532 827
801 1904
292 406
293 428
1233 1350
1199 3268
965 1331
2067 2170
299 881
396 749
398 2211
1990 2703
354 379
2171 3304
746 1241
547 2895
760 1333
120 3165
765 2133
527 784
464 738
285 1204
843 1381
303 749
1393 2851
785 841
1230 2094
938 1326
413 2752
502 1397
1304 1384
1201 2132
272 1737
740 799
885 2059
174 1454
391 1530
185 949
148 794
2640 3108
1458 2840
707 1428
319 2184
385 2365
157 1805
800 2650
438 590
742 1803
264 706
504 540
526 1123
701 1148
44 1232
588 1263
32 54
301 1640
516 815
284 1631
791 844
800 1990
541 924
1428 1683
479 969
260 1923
1072 1079
453 2375
607 751
73 1946
646 1717
420 2267
296 1282
1074 2600
43 1466
1812 2430
243 631
41 1290
408 1020
1220 1465
560 1579
180 1406
85 823
784 3021
279 2049
427 3014
448 680
887 1810
1039 1462
757 1201
340 810
1604 1968
1228 1525
1459 1935
540 2171
1213 2025
53 2677
454 2984
257 262
1748 1991
915 1742
80 1647
859 1361
924 1551
77 2443
2078 2699
1076 1922
711 2481
222 252
1743 1921
137 1433
1683 2423
368 2841
398 1106
225 2168
1584 3166
352 875
567 1530
272 1254
1691 2092
2056 2283
710 2042
1074 1608
1145 1889
277 1434
77 109
710 855
680 1681
237 1995
724 932
1294 1670
1428 1935
461 3253
189 515
170 3267
112 2864
1129 1580
797 3154
399 1054
625 836
629 2895
200 866
720 816
684 1041
128 2338
748 1917
180 293
18 3185
259 713
357 1616
288 794
1998 2423
301 1043
898 2129
1196 1850
10 601
89 1348
929 2119
310 519
287 438
437 2106
1140 2060
1735 2294
1060 1370
725 804
1374 3125
958 2779
1646 3275
738 902
317 2856
538 2856
775 1499
1043 2172
383 974
101 2074
790 819
1531 2149
952 1334
1753 3268
1329 2575
2587 3156
1190 1520
451 474
1879 2796
854 3022
1433 2058
425 596
838 2491
336 2071
1404 2076
24 1979
407 1188
107 2066
269 2981
218 988
377 2466
1350 1702
562 1829
396 1482
2530 2856
1961 3292
2988 3235
17 85
48 319
597 831
605 2828
967 2166
96 420
1228 1699
83 283
625 733
178 2345
636 672
77 923
23 2779
844 2732
1408 2435
276 638
52 1392
2011 2122
988 1296
289 533
426 2134
239 1981
1613 1978
76 930
147 805
16 929
812 1640
212 3124
1080 1365
513 2481
1681 1938
2394 3253
576 797
1257 2944
121 948
915 1277
1679 2419
246 3165
951 2540
1099 1158
1578 1999
278 1326
769 911
139 3145
1398 2668
710 1159
62 66
1195 2487
999 1519
448 1061
86 712
765 961
304 2740
816 927
2067 3160
127 456
834 1807
1069 3268
1913 2122
2 307
1782 2679
266 1546
221 2419
562 1313
248 1182
759 1072
926 2640
209 2514
679 1042
478 505
501 734
577 1941
31 1494
814 840
221 402
376 1121
1192 1879
885 1587
462 1846
573 3009
25 2095
670 759
164 1572
469 1500
253 1579
594 3306
300 1788
2026 2115
388 1680
672 2095
55 806
752 1522
1006 2917
6 1039
830 2462
1826 1875
102 1387
562 761
311 1229
1051 2479
17 946
830 946
716 916
10 1938
547 2174
533 871
41 465
1 1128
175 675
261 473
453 2082
361 1304
35 981
497 3294
399 1991
1744 2584
484 2400
1629 2135
211 2006
543 552
789 1041
2931 3259
609 2729
887 1522
1844 2130
233 382
596 1904
351 1013
860 2019
606 835
1326 3259
1015 1659
592 757
916 1471
2465 2768
282 2703
1538 1656
1093 1227
216 2841
1659 2857
112 401
1600 1849
84 2211
971 1117
139 2174
665 2743
385 825
778 1290
468 1097
1115 2725
382 934
1540 1856
473 1795
453 3160
836 2531
708 1359
306 481
449 883
749 2700
1531 1872
19 815
903 1881
60 556
242 1956
1789 2584
1545 2035
269 416
1391 1608
1063 3294
1366 2944
68 1939
603 1712
501 974
687 3026
346 1179
635 2442
229 1788
181 1533
451 693
193 1733
1904 2120
804 1393
545 908
899 1079
640 1702
178 791
1647 1765
1251 1832
839 1014
1538 2754
912 1526
558 566
225 1885
27 2455
586 840
578 1829
816 2435
821 879
2768 2866
194 899
41 692
762 1121
89 1634
1046 1329
1368 2577
677 898
208 1615
257 354
1083 1266
253 1616
1433 1872
366 3013
728 2928
170 2317
73 3166
4 755
199 1959
645 1584
846 906
282 2931
1145 1549
704 1749
227 785
832 921
9 680
850 1141
1294 1466
1292 1900
715 1613
220 3108
980 1309
1507 3218
395 589
256 867
685 2668
340 779
962 1704
331 1354
1512 2438
128 762
1981 2167
564 2013
76 2345
2423 3122
658 1455
271 1340
664 1496
946 1977
2019 2258
855 869
1985 1992
1719 1746
2584 2766
112 2051
991 2284
702 1777
218 483
648 1742
310 1877
443 493
376 672
1271 1360
2035 2036
68 1039
557 799
388 1129
86 534
214 1546
295 1409
833 1176
1724 2002
510 2174
1861 2983
710 1684
560 2456
1229 1712
585 1108
405 1846
396 1178
1703 1889
350 763
48 2300
141 1977
2732 3306
1504 2001
1082 1885
1679 2160
377 2014
192 1567
24 2658
602 2034
238 1822
24 809
1714 1881
275 584
515 935
575 1736
403 2792
620 3236
321 1413
355 808
425 2712
407 1726
296 1208
1852 2135
638 960
200 475
779 1499
1081 1342
667 1149
1941 2027
991 1651
1710 2361
526 1322
243 2073
605 1574
702 927
2133 2149
1329 1506
1072 1930
1377 2134
1083 2962
656 3007
205 826
1264 1366
62 1052
1504 3175
408 1599
165 926
751 1090
542 1080
1274 2062
812 1388
1199 1290
830 2931
546 1895
378 632
1082 2200
2161 2491
219 2464
319 591
1066 1782
115 528
536 1391
573 1283
1273 3021
49 233
644 925
726 1126
877 1631
1076 1375
1079 1166
404 1640
949 1569
1423 2457
1225 1652
2132 2648
621 1530
836 1117
215 1961
1488 2430
481 1461
626 926
395 1737
24 909
491 1512
333 477
213 1006
138 1414
808 2234
2050 2439
263 2594
1851 2647
364 844
143 202
862 1233
648 1727
246 1464
137 1873
135 328
1246 1763
838 1583
210 557
481 1048
809 2319
1250 1982
555 2095
151 1640
51 472
591 1775
2365 2495
364 1851
93 282
878 3081
702 945
1934 1986
1000 1490
23 657
1398 1417
168 971
434 450
147 502
570 689
34 328
47 1091
703 712
2668 2774
1591 2329
749 2752
828 846
353 2874
442 1623
823 2160
1699 1873
1434 2243
399 1812
179 1482
729 1092
785 1946
310 1339
100 1844
463 2828
1058 2317
494 2319
1310 2668
511 1249
359 1733
1443 2152
1775 2167
1231 2828
813 1088
228 1773
136 179
29 325
634 1237
626 1388
127 1166
1335 1519
1795 2447
247 248
96 991
1427 2395
512 1873
781 1249
121 1746
38 822
194 1357
105 599
54 1381
1790 2152
252 2455
244 493
286 2784
2293 2639
2540 2648
2130 2395
1865 1997
565 1907
889 3112
1921 2514
857 3306
66 2078
325 390
79 295
1366 1728
444 1441
13 1638
280 970
1048 2640
1420 1567
536 1527
1957 2397
379 404
588 1772
613 1069
640 1871
736 1822
2984 3045
77 2074
798 1927
1099 2074
142 299
1003 2283
254 684
1387 1777
1127 2338
1599 2988
3086 3209
1413 1587
1340 3292
374 1600
245 1032
563 3166
387 1942
419 1805
194 2067
235 1529
872 985
711 752
1224 1873
2400 2581
375 2400
2098 2793
593 1375
1066 1370
361 2679
76 1296
358 2208
1312 1777
645 2971
1436 2655
1927 3287
552 3166
889 906
1019 1273
289 936
665 1412
531 2416
1367 2291
354 464
848 3009
457 1083
296 1031
240 1623
1106 1721
358 2813
110 2828
269 664
1112 1849
238 1574
1652 1884
1219 1659
205 2677
1327 2340
977 1306
1587 1891
564 1582
313 2065
1361 1828
683 2857
241 1732
412 613
21 1134
1047 1846
716 1405
479 940
583 1357
1007 1277
1580 3118
274 1277
977 1926
15 923
45 3132
214 478
787 822
236 2341
2864 2917
740 750
576 1089
37 871
1030 2158
708 861
13 1387
1920 2642
489 3010
519 1334
2988 3118
404 932
1204 2011
614 1335
1187 1573
766 938
1086 2052
1702 1872
345 1545
705 2125
1042 2739
295 1897
271 1907
1354 1943
222 1968
578 2792
397 1926
1817 2775
81 1537
991 2402
1489 1600
511 747
574 2625
1329 1435
911 1942
62 798
1123 3185
1930 2027
2038 3166
1110 1339
940 2575
410 2049
1062 1280
1210 1353
1282 1550
1264 2840
655 2462
250 610
864 1437
1426 1849
453 1584
1499 1519
254 1887
295 3192
2002 3206
861 2013
686 1071
310 813
303 2745
227 546
398 1182
519 655
1520 3186
1965 2678
416 2003
61 3159
204 3304
1968 2971
178 3105
592 1889
846 1574
1454 2194
484 585
488 2329
1664 1829
893 2428
51 465
1670 2056
135 829
1392 2697
324 1189
811 856
297 2575
383 1426
366 2184
707 1349
578 2372
123 716
916 1003
912 1702
582 2703
1152 2944
2352 3009
133 1924
966 997
475 1852
986 2182
622 1515
968 3165
1074 1843
16 196
422 937
1245 1738
1824 2329
1071 1310
626 2050
1481 1555
18 358
105 1886
1943 2084
64 2348
1895 2142
912 2925
826 2124
295 767
228 435
1925 3275
843 1136
1294 1632
1376 2996
455 2050
39 2057
1613 1846
1738 3166
576 2036
2648 2827
560 2158
817 2052
995 1348
59 769
1134 1794
13 743
1254 1822
380 1729
2495 2814
11 311
1643 1758
127 720
28 1926
418 952
1375 2579
301 1295
354 866
1150 2100
796 1462
1044 3080
1482 3192
88 411
379 1935
2811 3104
581 1986
1426 2811
307 2779
858 1990
1394 1500
580 1126
1996 2388
733 1351
267 1825
663 1151
1583 1682
1040 1888
443 1208
1186 2746
235 760
1360 1829
1187 2215
760 769
331 1138
30 1425
286 1197
794 1084
461 496
62 1185
916 1681
116 1678
405 950
2176 2294
351 593
19 1327
1567 1961
1446 2585
454 993
810 1700
42 1958
2060 2182
355 946
1126 2856
632 903
410 3116
2092 3079
1338 2996
1482 2025
662 2047
357 2846
1221 2811
93 924
126 210
761 985
1418 3156
1946 3206
538 1583
2971 3304
472 1327
1080 2217
66 703
1243 2532
100 1076
795 1355
893 1753
113 397
1083 2096
903 2071
696 700
215 1533
337 359
1204 1745
446 2442
1092 1259
408 1841
853 2920
212 1734
392 2340
658 2217
485 1096
238 271
88 1445
274 2791
257 915
1289 2380
516 1941
115 388
208 1724
469 2775
249 2693
308 1445
567 2844
197 977
829 1832
251 2456
435 2050
865 1457
721 1406
1254 2073
106 438
571 817
961 2553
712 1753
721 2054
564 2586
1384 1856
960 1061
1705 2461
734 772
931 3125
2704 3021
1714 2874
675 1894
1068 1715
39 564
442 1644
81 88
135 271
1215 2009
83 2075
1812 1881
1074 1944
1682 2491
677 706
865 1249
441 1061
47 1601
65 3086
778 1462
439 802
1658 2341
701 1875
2002 2795
641 1544
41 1509
483 1071
1895 2300
870 1647
30 385
1302 1899
428 1406
712 1918
113 1289
814 2987
1287 1668
873 958
465 680
358 1923
936 1020
333 645
927 1572
578 995
199 456
50 181
113 682
1949 2697
1092 1601
912 1778
517 1619
63 3165
1789 1856
200 538
1058 3112
790 1476
73 2530
288 2141
1580 2874
800 2531
154 858
584 2571
2170 2557
981 1359
2447 2529
174 231
70 2058
245 708
61 2752
782 2092
684 857
1499 2515
1 1587
98 479
864 1341
321 2003
1308 1901
594 1074
2699 3209
156 2572
626 2593
164 1856
576 1572
514 974
1775 2970
588 757
727 1978
234 1609
244 749
497 1850
2001 3192
1201 1581
607 2001
1411 1488
1170 2071
1995 3209
1150 2858
656 2076
1539 1759
751 2110
1200 3273
1339 2158
2340 2917
1935 2283
1607 2341
552 1991
110 1063
456 918
1235 1397
1926 1946
903 950
251 1754
612 1043
990 3086
1128 1953
2254 2866
2161 2895
1313 1726
483 819
111 2394
217 309
1680 2032
687 1490
536 2200
331 2073
389 405
124 860
2024 2658
880 1856
93 3187
993 1794
1087 2594
482 1361
356 788
224 333
279 1257
1875 3209
51 438
732 977
1647 3022
579 2869
1208 1977
575 1351
1264 3165
2004 2097
1712 3131
1926 2813
1365 1451
202 448
360 1188
505 1137
1885 2597
690 3302
704 788
1098 1623
211 2005
383 833
152 696
359 2112
979 2670
1194 1636
166 2796
631 2062
661 2365
1610 2910
1409 1803
199 2048
1069 3045
238 2447
1339 2811
931 1194
43 2085
283 1340
2085 2435
597 916
780 1374
284 1146
6 3237
909 1081
255 707
730 1729
1115 1940
1126 1879
155 1141
673 1480
743 763
420 2658
147 477
148 1610
981 2840
688 1938
1302 2038
1865 2245
1516 1715
249 1216
268 2700
96 764
152 668
1815 1861
188 881
148 3188
1179 1960
624 1778
2011 2388
167 403
948 1440
1052 1161
324 761
1554 2073
776 1158
751 761
70 637
287 650
678 1749
682 1903
655 2000
249 1341
369 1440
350 971
2173 2925
408 645
783 1220
1140 1190
667 2647
539 1605
934 2171
1735 1872
1859 2791
349 1794
334 2977
184 969
747 2038
2577 2699
88 384
1155 2491
234 1282
210 596
153 816
1741 1875
879 1546
79 383
1171 1274
772 948
1294 3159
33 1344
306 2151
336 576
1286 2186
819 1420
34 1774
1237 1973
597 2526
636 990
1152 1191
151 3210
1793 2633
513 2050
259 1242
677 1649
294 1152
272 1086
222 2754
1628 2000
722 2859
1253 3184
116 419
806 1615
255 358
272 1843
545 1737
699 3014
73 983
356 1634
343 1088
1179 1906
952 1734
63 1494
991 2170
297 965
312 793
535 558
387 3188
1375 1446
155 2866
368 2597
1412 1906
1651 2054
675 2895
1375 2768
441 931
601 2587
834 1496
1340 1841
1999 2987
203 1436
1342 2135
1501 2988
63 433
596 2094
986 2924
274 2655
749 3268
87 2398
1220 1253
1619 2557
326 1589
831 2669
345 576
661 1706
296 2439
575 1832
1206 2032
1520 1696
360 906
21 722
763 1722
2640 3013
232 472
637 1555
233 1328
137 1500
977 2099
161 1771
738 1620
944 1700
220 1949
1030 1807
445 1340
65 1802
696 1481
820 1076
638 2428
174 667
189 323
2 263
11 984
506 940
79 251
1094 2442
510 1019
2162 2795
441 523
225 1758
618 1385
395 1418
330 2173
940 1725
603 1229
390 894
80 2098
822 2488
76 788
856 1099
1532 1938
1230 1325
818 1132
606 2577
326 1341
561 1411
901 1424
173 2237
585 1365
1031 3269
215 1950
502 3005
375 1545
803 2589
1941 2814
642 1312
490 1424
663 2170
1052 1186
817 1195
284 889
486 1068
71 232
1094 1131
836 3263
1794 3208
476 1868
2012 2630
411 1175
1397 2341
661 2028
1773 2134
254 1491
1965 2625
373 826
556 741
401 626
1119 1529
179 334
49 393
629 789
844 2122
178 746
1365 2037
94 513
143 1529
1218 1285
321 380
577 1534
1135 1310
1730 2400
348 375
41 1266
640 1770
310 1927
591 2140
490 1103
441 1610
770 1770
314 2074
1418 1712
171 2388
488 1098
801 2844
1888 3006
1349 1953
425 794
155 233
93 1124
65 528
1549 2026
1240 1772
800 1508
307 1252
262 1499
422 582
1195 1686
280 376
244 1531
614 636
1668 1950
1815 2053
443 691
177 1016
237 2721
139 1510
30 1886
398 1797
1482 2857
1173 2417
728 2341
588 1152
1911 1923
288 426
8 1794
1265 1555
927 1337
87 1231
1071 2746
938 1851
294 1377
398 879
714 831
1668 2472
149 2980
1514 1946
746 886
1420 1632
878 1146
1678 3218
23 922
429 1294
444 1627
330 1464
1270 2428
522 3080
1164 2011
990 1113
1338 1442
1765 2592
1501 1793
77 641
306 1235
506 2182
638 1240
722 1254
1048 1610
522 2115
598 3116
484 2495
1221 1623
1054 1546
126 511
1164 2861
1651 1704
940 1377
105 3132
1360 1679
720 1659
576 2557
265 609
393 1765
1309 1386
1160 2931
1094 1872
1960 2754
847 1574
110 2136
1011 1748
192 2173
316 2461
1461 1975
576 1735
1651 2234
425 765
1173 1901
1276 2859
1030 1151
761 2988
61 3015
1101 1436
928 3079
1363 1688
99 764
24 781
12 391
918 1906
275 2341
107 1924
753 1636
1239 1466
1375 2123
688 2028
1142 2146
1634 1922
548 1123
1600 2995
31 1927
460 1213
1141 1481
1102 1589
536 2002
184 1713
1650 1955
335 1665
1003 1922
77 445
366 2725
2423 2671
545 651
1790 2081
1160 2592
1135 2553
563 1006
512 3125
2456 2840
1579 2858
440 1849
1440 2669
346 1897
517 1301
1295 2222
190 320
47 1704
1930 2081
1966 3167
1155 1199
677 2146
405 1782
205 432
766 1265
1280 1826
310 2625
2137 2515
