1880 2451
1117 1490
173 1704
100 448
2125 2421
1370 2517
1034 2317
1053 1934
1538 1626
2471 2556
148 1038
427 1579
2250 2392
423 988
950 1454
480 1820
1039 1244
1134 1555
170 2136
1128 1717
960 2300
901 1650
2472 2691
64 743
324 360
2094 2421
1590 1903
139 1149
2075 2288
95 1368
919 1501
770 801
556 864
1493 2531
471 1159
534 1809
88 1146
789 2266
874 2187
2499 2516
321 764
1469 2407
202 1021
537 1646
233 1314
1040 1336
659 2367
1187 2538
1487 2172
498 1804
1315 2502
2162 2664
509 2247
75 1993
2312 2500
288 1250
2167 2223
1066 1533
728 2033
428 2020
1202 2413
101 2481
173 1247
2130 2403
475 2306
2099 2671
1575 2570
400 891
449 2269
1445 1763
474 1568
407 1861
1522 2591
1164 1702
909 1258
1300 1948
1378 1925
237 677
3 116
2012 2303
1118 1276
540 741
1860 2202
2227 2533
1360 2456
1648 2649
2030 2651
782 1639
1792 2141
767 2030
19 1728
317 2481
1669 2210
534 1622
377 447
1796 2438
763 2207
409 2658
1423 2238
856 1373
324 575
1447 2156
458 1096
405 1555
354 1713
917 2283
1331 2214
270 2490
773 2158
1759 2084
1024 1735
1626 2454
466 1467
462 2624
348 798
722 733
548 2618
531 1515
1280 2431
395 1506
150 446
587 2477
398 1385
1873 2240
1533 2308
1905 1918
96 2169
211 1419
443 1871
541 2591
1453 1909
256 1449
816 1782
2088 2294
520 999
112 2391
619 716
203 316
1297 2696
26 1112
836 2459
580 1611
145 1963
1310 2687
482 1841
1512 1827
193 1114
1000 2170
102 254
1595 1823
1472 1497
285 294
279 1158
890 990
859 2078
496 2696
49 1090
1620 2355
931 1444
162 2608
1495 2379
88 476
210 950
14 2321
2455 2615
831 2039
1204 1717
158 284
225 1352
1932 2037
394 1445
1623 1836
1640 1641
126 128
832 2563
378 968
1819 1867
555 2569
1633 2384
1138 2023
326 642
1051 2613
73 597
554 1268
1827 2424
2158 2582
730 2664
635 1007
660 1237
2025 2167
1342 2700
1974 2704
1868 2154
1490 1779
1311 1334
149 1637
1168 2329
444 1704
469 2639
1477 2541
5 1129
168 1797
642 1405
1112 1436
485 893
770 1004
1068 2025
1480 2335
1571 2336
637 774
990 2391
1391 2334
895 2400
173 1082
750 1653
743 841
232 2060
324 2389
604 2281
906 2576
483 1692
520 1558
979 2358
1394 2531
902 1286
496 1413
796 1129
413 1279
944 1177
2176 2192
99 2639
1306 1831
826 1808
971 2426
1341 1831
399 516
921 2000
379 2371
2138 2514
258 1384
1148 1647
258 329
958 2230
1230 2142
1081 2285
1427 2536
773 2541
124 176
2255 2704
864 1280
2634 2696
1463 2477
1424 1620
328 2181
1975 2040
410 2176
1176 1450
943 1866
1406 1661
701 1053
1003 1341
2083 2554
38 1234
1816 2343
359 566
1749 1938
199 1744
2319 2354
112 2412
2144 2618
691 1037
843 1382
2179 2251
1194 2022
507 2324
983 1103
601 1063
371 1965
938 2425
411 1128
1207 1571
343 719
242 2253
449 2459
808 1393
431 1198
2188 2637
594 627
1045 2382
1115 1996
821 1341
108 1882
821 2152
1075 1606
769 780
216 935
1302 1750
406 1315
186 2484
1027 1329
780 2007
1315 2023
224 1332
297 2672
1855 2240
1670 2405
1804 2481
794 2390
1391 1455
1643 1902
1084 1895
1115 2401
1464 1723
862 1315
219 294
1502 1535
1131 2209
1600 2663
207 1129
476 2337
805 1724
876 2631
699 704
1208 2127
658 1133
953 964
378 776
634 2287
1282 2045
465 2456
464 902
1313 1664
50 1456
422 1834
1128 1431
1009 2582
601 1069
2201 2440
143 872
101 2530
991 1363
998 1064
877 1854
967 2655
1772 2049
76 1848
287 2270
817 1697
1042 2176
1283 2438
1331 2299
1633 2233
233 945
2172 2614
1737 2409
1556 1828
1475 2320
467 1575
1136 1675
229 935
1122 1135
1006 1624
578 2452
583 1565
632 762
1177 2313
670 2355
1047 1400
1138 2296
39 1113
1212 2361
2052 2322
585 1581
83 904
1669 2182
2340 2559
252 1599
791 2434
1864 2111
1020 2201
1410 2256
588 2006
749 862
8 2634
870 2428
715 1266
1898 2077
91 728
136 1732
263 2705
903 2127
135 2442
523 2361
1122 2112
509 1562
1209 2540
809 1953
1122 1603
138 2175
356 913
1003 2601
895 2193
465 1262
436 2393
845 2167
1121 2240
639 1621
1609 2353
625 1870
783 1378
79 1631
728 1853
282 441
332 947
788 1678
2125 2474
73 535
569 571
222 605
1830 2452
1061 2229
275 2671
1056 1541
189 820
190 773
1352 2318
203 1477
1092 2680
796 2304
714 829
2047 2356
1126 1824
225 1481
329 406
907 1126
525 662
1645 2584
1118 1192
1085 2128
1688 1784
190 1406
293 1024
1041 2127
419 609
1447 2608
170 2533
1620 1627
386 1115
2129 2373
1479 2703
525 1281
1149 2597
199 1048
1325 1832
245 922
2578 2586
162 1398
521 1817
781 2346
790 2688
1165 1407
2215 2368
771 2257
2281 2615
1291 2551
2559 2595
1062 1223
1463 1755
920 1617
1545 2275
644 2040
392 1718
1832 2457
671 2231
734 807
928 1593
837 2203
2198 2469
85 1404
52 1653
1599 1706
868 1085
2027 2618
1722 1838
145 724
1547 2656
1528 2355
153 204
782 801
917 1556
578 2240
1098 1490
624 1964
702 1941
696 2346
54 1862
790 2175
551 1822
36 2587
732 1314
1329 1814
443 1395
968 2451
916 2012
815 982
102 1195
418 1716
266 2521
464 1110
918 1598
964 1502
808 1466
260 504
1830 2249
1968 2146
2196 2639
152 1822
2246 2417
1610 1893
2365 2452
201 1793
1070 1322
886 1063
1639 2581
100 1393
843 1435
975 2291
172 2257
2403 2458
1499 2260
147 2568
413 900
1087 2563
118 2608
2247 2307
1582 1823
1162 1538
2201 2422
554 2383
1228 1343
1901 2705
1585 2417
1685 2533
1923 2442
4 1126
1104 2490
693 1671
1718 1787
249 2059
420 2192
1304 1592
2292 2452
372 2566
559 1154
1372 1776
938 2505
442 1475
800 2130
216 880
148 1573
291 2483
696 921
289 832
935 2558
2062 2450
740 2390
231 2485
405 1177
1772 1942
907 1125
744 1684
756 2576
131 1336
2384 2392
830 861
1906 2468
20 2268
1909 2059
226 2329
732 2688
1251 1663
1737 2198
1235 1342
520 2506
1389 2316
873 1952
18 105
2039 2252
1255 1861
298 565
446 1598
1252 2142
911 1370
713 815
1614 2116
687 1738
1663 2613
513 1837
29 103
745 2131
85 1032
1793 1861
865 961
598 2082
336 695
343 1345
1890 2595
1252 2315
950 1540
335 1108
355 2420
1329 1596
717 2243
428 1906
169 2442
1344 2648
1776 2034
2243 2313
1002 2246
765 1860
487 511
1365 1638
971 1731
176 647
784 1605
1222 1881
258 2684
98 2448
220 2706
455 2417
1060 2374
625 1310
2109 2239
2217 2670
1151 2550
810 2086
936 949
370 1447
2591 2655
86 2050
118 179
510 900
1407 1853
693 1275
2131 2525
1454 2000
1357 2334
1431 1937
1073 1561
516 1329
1418 2133
15 1412
1187 2333
136 607
552 2210
1301 2313
847 1885
490 1582
805 2037
142 1242
1054 1248
1265 1476
1668 2531
1202 1836
483 2636
2374 2469
394 2464
873 2512
2339 2391
673 1054
1534 2416
1618 1732
1252 1713
895 2204
1555 2397
1112 1836
1562 1651
732 1713
189 2654
1926 2384
1197 1665
982 1684
544 1273
499 1801
1117 1724
225 1583
735 1866
711 1826
116 1095
255 1501
1024 2145
444 1355
312 1868
1651 2335
843 2554
899 1651
1076 1689
1650 1723
10 31
187 499
1040 2040
32 2516
1221 1944
685 1413
1400 1579
1020 1529
1122 1780
833 1244
261 2440
751 1713
479 2081
224 655
747 2070
1673 2269
370 1084
1367 1872
971 984
514 662
305 856
1734 2129
919 1121
193 1662
1225 2283
60 744
314 1360
1099 1822
559 666
913 2480
543 1172
1280 2037
117 882
77 454
742 1938
1381 1808
492 1942
956 2440
9 2560
248 2268
420 2222
152 2689
1069 1385
1618 1964
1816 1942
538 1423
2172 2533
1373 2430
818 1929
298 1075
769 1221
937 1936
1365 2000
770 2281
1601 1967
37 2283
808 2128
670 2259
1959 2411
1600 2200
400 864
1052 1812
1053 1374
210 2320
1408 2235
205 2668
2204 2337
568 1603
592 1039
1022 1097
567 573
1408 1590
1795 2682
878 1058
1137 2515
764 2152
759 1923
104 603
90 149
224 821
772 1561
912 1481
690 1498
447 1654
854 2239
1337 2425
718 1497
1164 1292
22 1206
1301 1777
404 1432
2131 2348
553 1500
794 1481
318 1702
522 2668
2091 2667
1601 2416
1699 2516
1427 2678
1749 2361
12 1984
390 2420
34 2578
442 2255
570 2458
43 1325
1863 2104
107 497
1137 2378
225 1646
327 538
442 2390
495 1951
2105 2618
916 2000
744 1040
498 685
1151 2530
1316 2119
661 1904
1385 2541
294 1120
1566 2048
773 1579
934 2247
28 1016
1185 2579
89 457
2009 2341
1026 1031
1523 1557
1102 1970
775 2557
1010 2397
193 1195
661 2425
172 1398
39 361
288 1256
898 1012
372 1462
1193 2294
1160 1826
1711 1835
466 1276
106 870
786 2250
1537 2490
8 1894
266 1474
139 172
1316 2212
1104 1681
1226 2446
673 1278
1046 1712
2026 2033
1389 2031
870 1395
194 1366
397 1196
1672 2644
2087 2225
1631 1971
2432 2445
1598 1732
417 1177
1953 2413
677 2069
1533 2464
2174 2177
582 2581
150 1055
1704 2673
188 1178
449 1213
696 2452
2007 2013
167 1796
89 1173
687 1364
1843 2331
1297 1395
2315 2607
1229 2184
706 1951
247 2240
1322 1516
909 1361
598 2599
1664 1865
971 1333
486 1375
667 1148
444 2700
801 1393
326 1009
693 1000
19 1433
242 563
130 233
1160 2566
16 756
1043 1371
1342 1670
347 454
49 768
370 2597
353 1467
1073 1935
2443 2590
1332 1393
1401 1666
727 2559
534 1782
428 737
431 2357
1511 1922
1220 2541
2281 2472
63 2027
1063 1172
1253 1480
2043 2334
141 1059
1910 2142
728 1829
1259 2487
247 1214
538 1101
1189 2328
794 2489
357 2038
208 2253
220 1673
1631 2438
1386 2142
348 1110
392 1366
1942 2588
1761 1779
1791 2370
1903 2253
142 1854
5 1669
1207 1285
317 1250
1262 1836
263 2140
1829 2293
686 926
1734 2418
70 1472
837 2062
807 2109
234 1115
724 2423
723 865
630 1811
1010 2386
975 1198
880 2347
183 442
232 298
908 1944
817 2691
683 2242
2321 2581
941 1428
330 2655
1379 1649
581 1862
387 771
464 2255
1038 1199
79 2680
683 1426
1846 2591
198 836
396 2066
219 2634
520 1318
1004 2522
163 1845
654 2487
1570 1948
1824 2646
1740 2314
1835 1869
663 2656
239 2013
1176 2298
314 1165
1076 2637
935 1610
914 1047
926 2270
1135 1252
1440 2578
64 1586
1072 2409
490 2561
540 743
218 942
1428 2253
179 1441
361 2092
1191 2497
791 1815
339 2330
632 1688
1540 2391
97 2083
792 847
269 1001
175 278
858 1139
1421 1606
1136 2375
437 2151
1108 2039
1589 2018
316 1646
920 1680
1317 2687
112 1866
886 2255
363 926
281 347
1238 1258
692 2488
1568 2049
54 1934
1153 2466
282 1486
1142 2117
1774 2312
1253 2572
1511 2049
56 2509
2507 2647
1254 1483
815 822
440 483
1453 1515
804 821
254 469
2008 2532
143 399
297 2055
937 1156
885 1119
963 2333
458 2704
1095 1888
607 855
426 1188
251 2331
507 2259
1686 2509
229 683
239 2352
763 1754
351 1337
6 432
1722 2254
2506 2660
949 1175
298 1964
1099 1868
603 1450
350 1281
1688 1984
1018 2183
335 1019
60 1204
1353 2310
733 1573
2046 2262
1133 2480
1274 2548
1085 2330
1379 1716
1720 1774
242 948
1088 1305
588 1628
2440 2478
808 2078
161 1305
1270 2549
1053 1096
325 1253
886 1655
640 854
1022 2540
1009 1440
479 1499
1480 1868
1911 2116
1914 2018
733 2521
596 971
1702 2224
1321 2644
535 781
203 354
1419 1665
75 2115
22 2242
1660 1813
199 1785
288 1763
987 1688
894 2571
1250 2541
2081 2674
426 587
1067 1317
86 2540
882 1458
624 1231
205 2084
920 962
755 1902
1398 2057
799 2691
585 1274
711 1054
2139 2430
557 747
650 1688
1060 1349
829 1387
1077 1705
1728 2050
632 1632
547 1724
829 2292
1433 1759
569 2434
155 1020
863 2199
355 1590
454 1786
789 2410
1472 1730
2261 2582
626 1650
533 2017
991 2431
747 2060
302 1522
1093 1443
2598 2686
1102 1993
406 775
135 1977
713 1247
555 2230
1622 2452
627 1472
110 1501
1454 1502
1428 1472
577 2336
2241 2542
124 1195
422 701
1264 1424
258 1788
272 2333
436 706
122 2697
1065 1792
1150 1801
305 2329
1106 2678
1264 2267
1582 2346
975 2562
664 1015
160 1172
2062 2594
1203 2588
191 1520
722 1783
1758 2555
1204 1987
563 1725
707 763
702 1324
1470 1919
333 2252
8 1226
21 690
75 1054
972 2686
264 2148
1435 1809
158 532
313 620
1245 1650
1813 2626
2304 2312
65 1559
96 1511
1209 1409
901 1486
592 1834
622 2661
1951 2514
222 1192
1615 2216
881 1357
2589 2634
2076 2277
858 1577
694 1121
94 1118
191 291
75 1254
12 1337
512 2386
1364 1590
552 2704
221 922
262 1183
735 2377
644 1731
829 2034
252 1390
260 2599
1003 1327
156 2576
1414 2168
168 712
1070 2604
496 662
562 1789
2375 2597
1266 1656
361 1093
1260 2315
513 642
407 2232
2313 2456
1306 1317
1577 2427
1448 2549
1408 1736
1461 1896
129 1375
1716 2235
1019 1606
13 1894
1380 2023
200 1380
874 1129
441 495
1021 1055
468 2576
919 2395
101 163
897 2639
975 2316
281 1280
829 2153
931 2506
32 1732
865 2310
2629 2646
1873 2069
354 1024
738 1733
842 1546
209 2503
1900 2674
152 2136
1965 2103
645 2136
836 2313
1272 1353
105 1202
636 2450
7 672
2567 2665
275 2352
1463 2472
676 2221
2214 2496
135 2349
1102 2323
214 1327
1914 2330
1079 2342
2055 2333
225 2286
1563 1768
219 2549
1550 2317
949 1271
520 1069
128 179
187 665
2225 2630
253 668
1088 2207
183 715
2048 2438
1188 1864
776 875
107 783
139 1741
1046 2304
407 943
1315 1937
267 1591
1008 1686
1681 2068
39 1125
1418 1852
426 2427
397 2162
364 2693
696 1670
1030 1039
1929 2170
153 1909
1335 2108
989 1211
205 327
1343 2549
2558 2649
1406 2615
909 1933
659 2459
280 497
651 1846
935 1088
1003 1853
594 1185
1827 2281
1319 2708
307 2485
51 2344
112 1592
2273 2358
230 1264
1785 1963
258 795
1693 1847
1853 2176
656 2216
521 2330
1341 1784
323 856
403 1974
607 1232
2046 2706
1349 2491
183 1481
419 791
1438 2341
906 1589
21 2158
605 1681
996 1605
482 731
764 2187
387 2425
296 879
1180 2112
109 939
350 1146
1730 2614
1276 1660
383 2577
466 2132
1558 1899
1199 2567
2049 2154
2062 2100
1691 2109
1412 1942
686 2556
2085 2277
224 1892
160 1845
533 1621
870 2331
1260 1495
876 2460
458 509
955 1900
85 2419
960 1855
188 1728
352 1053
1583 2629
811 2558
1304 1515
61 1669
326 1172
123 407
168 2148
1314 2045
1758 1769
750 2429
163 895
1534 2674
2020 2552
89 951
1378 1759
527 534
903 1517
1673 2104
884 2031
1952 2204
1179 1872
574 2424
1268 2499
2134 2174
918 2691
435 1783
1048 2526
730 2036
70 475
389 2074
440 1985
1249 1497
80 1995
254 1710
233 399
399 769
637 2313
1253 1841
481 858
2216 2292
2095 2352
65 1828
1314 2536
192 991
504 2440
157 1905
147 1828
240 1247
60 892
1122 1724
1676 2019
747 1039
83 2409
576 1658
1609 1764
1276 2544
2024 2261
1375 2703
9 1757
299 2561
1490 1762
765 1174
216 472
838 1371
2140 2487
765 1278
239 438
245 1034
147 1701
462 1716
1589 2153
187 2655
1481 2075
417 2313
1562 2649
64 982
492 704
826 836
1620 1841
371 1666
807 1860
89 821
711 1861
316 2613
108 1660
1467 2185
1194 2311
924 1483
238 333
1966 2318
632 1546
1661 2050
1339 1672
978 2091
319 1421
812 1162
325 1812
1129 1272
8 976
438 2227
1044 2197
340 865
39 409
1483 1547
2364 2567
1838 2364
2311 2468
2172 2690
209 852
247 786
1903 2525
680 993
221 325
17 2138
1184 2419
144 832
1723 1885
29 1042
122 848
1183 1618
263 561
2537 2619
2041 2139
914 1856
1470 1497
504 805
875 2546
923 951
120 2144
545 2660
22 71
1880 2334
317 2037
670 2126
1773 2449
733 1090
518 1871
298 1308
1904 2454
1164 2202
720 2612
203 1623
83 2246
32 1347
2341 2423
718 2222
1435 1910
306 2047
543 1744
78 614
103 2432
833 901
319 1391
1754 2336
220 1940
1220 1502
390 1840
837 2287
474 1139
496 2677
66 2575
424 1267
212 313
2294 2378
2206 2327
485 2050
76 1871
330 2604
2288 2565
668 1492
989 1373
1372 1792
274 2296
1991 2266
423 1433
680 2407
1679 2208
208 1344
1633 2563
988 1826
1027 1457
73 1985
737 2670
1428 2582
2056 2378
2383 2694
560 1472
1253 2276
712 960
162 2551
345 1971
691 1354
681 1723
539 1832
470 883
263 2463
60 2489
331 1677
649 814
605 2023
386 1740
929 1267
749 760
772 2027
1175 2158
1653 2468
907 1448
7 1764
1589 2539
1466 2523
222 298
338 929
1946 2184
456 2424
1977 2062
1198 2594
1195 1678
395 914
677 2374
102 2456
148 1775
63 2228
396 1929
605 898
340 1174
14 2440
1179 1958
691 2411
302 1475
285 2342
1027 2487
8 2073
1488 2184
658 2409
1006 1200
843 1308
495 1923
728 1935
829 1082
1527 2469
297 1823
650 1743
793 2680
572 631
1466 1826
907 2411
913 1680
837 1087
2046 2393
1433 1492
577 1135
2403 2663
800 2251
186 2302
1443 2659
628 1536
1905 2598
286 2317
1866 2268
5 918
351 2562
831 2619
320 2522
934 1075
7 130
610 1261
1718 2363
694 834
513 1877
512 2117
483 2056
158 1163
481 588
594 1272
57 1520
1800 1865
238 2373
1182 2199
1287 2206
1642 1867
215 299
1206 1262
1360 2307
1848 2170
825 893
977 1202
392 2384
704 1033
510 2128
422 1877
151 2695
1027 2612
403 443
148 2618
419 2391
1639 2415
114 2355
971 2299
876 1714
1607 1783
1897 2220
187 446
690 2644
969 1755
1000 1355
1684 2197
1174 1985
1042 1294
127 2474
191 2004
52 873
560 1969
647 2018
821 1410
1363 1653
377 853
1053 2179
127 1629
266 1685
528 2142
825 1342
1831 2037
1725 1779
1684 2354
2225 2565
1641 1777
98 357
740 1455
2383 2667
158 1951
1118 1987
1457 1933
348 2284
2183 2500
201 1020
1023 1881
221 1681
1723 2439
1522 2466
1092 2036
447 1503
386 1282
918 989
1569 1722
716 1922
701 1135
1842 2527
436 1928
874 2249
1026 1311
41 768
208 1333
768 1573
1445 1629
399 2021
2270 2510
1237 1876
405 1333
251 478
958 1165
1300 2048
26 2130
78 130
425 2695
538 678
798 2268
377 1363
1514 2689
604 1779
785 967
330 2411
2046 2552
660 1934
1221 2204
1707 2422
836 1275
263 352
2025 2499
1401 1564
6 1497
608 889
1117 2295
406 1242
704 905
10 923
841 1709
1654 2565
256 1600
993 1701
980 1410
2206 2469
560 641
1645 2503
1776 2278
532 936
1572 2426
1011 1754
118 2401
888 2532
329 2282
923 993
265 1733
139 2015
1028 1425
750 1872
744 2215
1986 2542
1494 1782
1200 2462
573 960
688 2395
1451 2425
667 1390
115 2490
755 1522
1534 1896
1323 2214
824 1687
664 1676
2339 2427
518 2253
281 2478
1618 2225
1206 1479
1318 2613
1748 2260
577 2141
922 1085
1449 1585
352 1016
276 412
633 984
455 2089
6 2125
969 1179
1782 2581
1637 2680
1559 1667
2147 2451
9 491
551 776
1133 2170
537 2305
1121 2398
76 1427
1242 1933
1521 1569
675 1697
1390 2268
192 2280
168 460
2036 2293
698 719
2405 2457
1017 1857
2160 2383
257 1615
1506 1581
1965 1978
232 2267
804 2027
714 2497
818 1638
347 727
437 2372
723 2512
2393 2478
742 2343
588 774
840 2397
86 2398
854 2598
146 377
939 1976
1442 2609
545 1551
1750 2624
747 1977
487 2689
1211 1381
1462 2199
191 1290
1092 1511
721 2202
552 2564
184 247
1116 2342
741 2625
1143 2232
697 1754
537 1817
280 1834
173 1566
4 687
711 893
883 2201
1655 1910
715 1295
1430 2649
2625 2705
1450 2564
606 1174
2270 2496
485 1936
297 2478
1764 2607
344 1346
372 997
156 1794
516 642
165 2037
2039 2648
1564 2393
214 768
1100 2269
6 2270
357 1914
626 1034
773 1362
2336 2571
90 491
199 1151
131 2700
984 1722
1290 2358
141 2627
1441 2381
817 1478
2235 2542
1451 2651
326 854
358 1401
807 1291
1627 2304
2230 2440
1821 2334
448 1643
598 2615
17 151
1617 2421
410 2194
1261 2502
704 977
2000 2606
362 644
1234 1775
453 1498
549 1714
1258 2484
609 2476
330 2267
237 306
556 1268
91 1133
594 1698
297 871
363 2609
2032 2246
1840 2346
1203 2262
950 2126
426 1488
1781 1920
629 2205
998 2270
752 2704
1420 1704
2370 2661
1143 1276
106 1696
777 1554
319 2496
877 2587
1839 2540
499 2401
1319 2275
938 2232
171 176
1114 1941
1553 2168
1433 1677
1562 2583
133 1559
1466 2477
246 1202
1861 2262
617 2157
1450 2025
110 1310
1281 2275
468 1651
36 2156
1858 2591
56 60
638 1464
848 2681
1610 2522
1904 2008
78 632
1593 2420
1833 2031
39 2488
96 733
1081 2372
1250 2134
207 1433
1311 2210
508 2169
538 1556
1737 1748
178 2591
1762 2634
354 2241
2562 2608
272 1027
657 2133
865 2093
225 817
72 762
1112 2115
70 2642
1767 2690
1166 1266
1214 1711
685 1024
586 1543
1024 2552
1213 2200
1603 1655
1690 2364
77 734
162 604
557 1191
86 1475
458 715
990 1537
673 2343
157 1828
1317 2703
1132 2228
892 1086
1017 1654
995 1902
697 883
696 2372
425 2473
430 1478
2172 2582
490 837
933 1509
228 1605
334 1758
641 2625
1098 2017
838 2509
1422 2016
415 702
472 1040
504 2220
827 965
715 2249
291 1522
1083 1238
376 2212
1593 1719
822 2576
198 2239
524 583
150 2590
2089 2464
1149 2398
1038 1648
875 2659
938 1377
873 2373
645 943
1107 1734
1401 1649
758 2218
103 1644
16 1397
1221 1355
242 2079
191 2027
1576 2458
2063 2127
395 1782
45 1753
1132 1307
389 1280
1393 2269
1402 2157
821 2348
1965 2403
1497 1522
578 623
572 1074
1394 2582
335 1785
644 2656
1264 1612
165 893
1063 1356
2325 2378
2046 2348
1364 1547
103 1947
1207 1383
883 2286
354 1905
1911 2448
882 2615
823 1685
984 1646
277 1757
421 1442
323 2156
71 2355
93 1569
213 289
1787 2162
741 2375
453 2335
2086 2490
428 2084
1336 1693
1117 1319
624 2691
295 1948
1436 1789
284 2382
927 1349
21 1118
551 2677
417 1188
156 453
439 1530
854 1634
838 2377
167 712
569 1570
7 2353
107 500
543 2009
946 1862
52 1814
523 2242
404 2550
1559 2089
373 2095
1523 2562
215 604
616 2112
523 834
1845 2472
2282 2643
836 2037
147 497
401 1991
1012 1701
2487 2563
120 1136
647 1935
285 1035
781 1600
1946 2108
589 1452
2370 2537
131 655
689 1804
1202 2706
20 2423
632 2352
1692 2694
1180 1499
71 2040
264 1923
779 2365
1321 1323
904 2547
370 1705
1651 2522
440 1287
327 1453
1239 2166
1636 1858
2307 2433
143 281
113 1781
1822 2473
2078 2587
656 1066
1860 2514
546 1096
888 1262
659 1370
831 1578
264 1102
459 1841
1490 2102
2375 2379
132 2036
718 1684
38 1694
918 1570
83 251
1124 2178
733 2486
134 284
2060 2428
266 2011
874 1564
192 783
903 2598
382 1572
633 1402
1634 2589
1019 1841
1035 2308
479 547
701 1642
1460 2111
141 2675
1638 2404
2374 2700
1523 1958
29 1863
354 1374
59 1359
1676 2563
1118 1253
1056 2557
437 2086
539 749
74 2604
1948 1988
508 1214
194 1069
574 1832
354 1003
1906 2238
2011 2380
142 295
812 1379
54 1719
476 868
501 678
1078 1490
413 2667
317 1210
476 2530
319 1216
960 2544
249 2421
128 1077
1301 2469
458 661
1550 2414
1651 1843
43 370
755 2188
1884 1920
3 316
1377 1601
2095 2371
323 1336
1015 2021
764 1445
1138 1517
29 156
85 129
1978 2221
556 1657
90 160
1924 2407
111 255
306 780
337 2541
1189 1537
147 339
558 840
868 1462
2320 2336
1360 2146
316 1102
316 523
286 1403
91 492
766 872
1199 2095
2654 2673
1340 1914
2012 2075
855 975
2032 2038
491 2199
692 2193
716 920
1178 2695
856 1691
431 1352
1424 1870
1150 1401
251 594
1214 1493
291 1394
1688 1889
2395 2671
732 1079
417 859
1414 1937
275 1789
1904 2374
1732 2428
2067 2219
643 1636
2076 2391
1025 1088
720 1708
1655 2665
1048 1267
1303 1308
721 2108
550 2549
1660 2033
1848 2546
188 1936
455 2456
845 1546
350 1323
18 1298
2578 2680
104 2147
373 2260
1311 1385
1163 2049
207 725
86 2510
853 1255
101 1819
168 1533
140 2671
1016 1263
256 1869
939 2364
162 822
299 2468
1339 2677
105 2308
688 1655
1063 1641
187 1959
912 2563
143 2358
609 2015
226 1741
724 2466
2030 2123
381 450
1106 1576
1442 2550
358 1163
1337 1902
171 1426
486 2364
663 1197
126 2232
2197 2628
71 1002
1567 2395
352 1194
1312 1535
723 769
1393 2232
526 1537
349 684
2300 2313
923 1993
874 1530
75 791
822 1114
65 2427
1097 2060
1305 2455
1948 2623
1260 2292
368 412
1423 2352
988 1753
245 1569
346 1013
1753 1841
1488 2005
240 647
546 1607
707 1380
898 1153
1550 1873
91 1964
1188 2439
732 1840
1298 2236
1287 2630
906 1564
944 1876
764 1487
863 1972
540 2004
1501 1947
1276 1626
1708 1814
1048 2063
856 2295
576 1479
35 332
1346 1907
1297 1450
291 481
2415 2438
1086 1464
669 1681
2115 2601
1731 2217
1557 1979
2091 2598
1107 1885
868 2566
611 2404
109 1759
344 2477
635 1901
313 1234
2000 2512
1188 2090
2601 2670
1336 1520
326 348
515 1112
285 1694
73 1377
1427 1595
524 726
1919 2046
1915 2522
861 1337
1093 2297
949 1482
1096 1788
32 2080
634 799
325 2218
1551 1855
252 1415
683 1026
568 960
1016 2259
73 539
1235 1798
336 576
1649 2497
31 2210
1196 2432
1072 2443
1166 1865
1585 1809
909 1709
539 792
2315 2615
90 142
44 462
215 687
282 2293
617 1538
579 1857
1458 1555
1136 1529
1529 2381
336 430
383 1639
417 977
2032 2432
1871 2553
829 1963
204 2293
1656 2068
354 1270
164 1621
1415 2458
1247 1265
333 424
363 2378
1415 1775
20 2583
1719 2215
1342 2250
1316 2270
1484 2092
243 1120
750 1871
24 1048
1674 2230
471 2551
2033 2115
1470 2449
865 2672
1362 2648
754 1709
919 1092
463 1284
219 2183
332 1909
416 2315
1558 2173
1482 2205
1192 2679
1037 1596
808 1923
301 1026
90 698
49 639
358 438
514 1835
783 1498
245 2095
1710 2570
440 2454
1644 1804
623 1037
2306 2336
255 2041
162 2600
677 1117
2007 2332
294 2680
178 1352
278 1004
1127 2238
2161 2324
526 1643
420 2566
587 820
1194 2706
635 1534
767 1253
524 1015
480 1455
860 1667
991 1545
2238 2423
1693 1814
449 1188
1987 2601
1590 2440
2507 2547
948 2028
1090 2607
1770 2541
2022 2655
1555 2284
139 2313
1560 2555
299 559
284 344
1902 2540
1311 2234
1298 1695
756 2032
390 1246
50 2607
335 2055
495 1492
32 1463
661 2253
1004 1286
1355 1904
598 2689
281 2564
1499 2444
461 785
107 588
257 436
1258 1337
871 1297
1993 2556
1259 1679
1268 1325
330 2326
256 2683
1325 2262
1371 1610
405 2162
1395 1405
1231 2045
406 1130
2592 2652
477 882
1290 2591
2181 2519
2037 2624
943 1300
1575 2171
289 854
1338 2508
1489 2399
604 2693
1213 2146
854 2321
1608 1632
1344 2015
1879 2430
1201 1719
432 2501
825 2354
2299 2597
1327 1584
871 1534
631 1144
553 2647
841 875
720 1467
427 963
778 1469
372 2691
531 1434
119 675
735 2604
999 2212
141 1106
1298 1782
129 2391
240 990
639 1986
939 1968
601 1206
1854 2447
598 678
657 1615
1027 1563
1460 1647
113 567
727 1996
2 2307
401 1316
379 1899
1146 2001
112 1671
1413 2383
1004 2345
1367 2152
1019 1958
1430 2152
78 1522
716 2337
93 1364
1018 2448
259 776
1329 1744
94 1722
106 1970
139 814
299 802
1149 1172
78 1873
933 1866
15 146
761 2663
726 2382
508 1366
1498 1938
867 2516
389 1107
304 1436
110 1381
2382 2386
1121 2420
1551 2326
1893 2004
882 2323
2 717
848 2006
84 903
352 2132
932 1934
767 1689
1367 2292
511 979
75 747
456 2205
919 1487
2066 2581
2005 2130
728 1867
2475 2517
202 389
2434 2597
275 2382
1876 2675
711 963
690 818
1250 2267
282 1741
645 692
2058 2507
408 1313
929 2414
971 1797
61 2662
579 1471
76 1600
913 2616
786 2348
78 2165
1270 2434
152 2217
560 1914
487 1084
1520 2439
2257 2467
1259 2444
548 1912
696 1054
2301 2663
724 874
1662 1922
738 1389
32 923
275 1187
744 2406
202 1903
1359 2521
1075 1996
1638 1674
1221 1775
1702 2045
476 2404
692 1522
179 891
1042 2560
13 798
971 1785
468 2160
942 1755
424 758
1464 1590
261 1858
949 2557
245 1728
1725 2158
1412 2275
1643 2586
762 1343
578 1136
105 1410
126 2007
338 1211
249 501
178 917
1446 1823
50 904
818 1407
2182 2449
460 771
1106 1427
1158 2018
1674 1798
219 2052
334 2344
124 395
621 773
319 1308
853 2330
1229 2196
207 1229
242 723
572 2489
405 1458
669 2408
1541 1881
489 1983
1018 1877
2208 2687
1024 2541
6 2260
1720 2234
109 138
386 2626
494 2481
1525 1589
1791 2381
181 1638
79 2369
1063 1226
586 807
2162 2355
898 2455
1575 1959
213 2348
153 2533
1894 2674
302 1871
1335 1458
672 1284
1171 1967
1184 1814
290 295
497 1839
605 988
540 976
1234 1758
497 1703
913 2079
1160 1621
1548 1807
1229 1300
42 2068
2364 2405
585 636
2129 2357
740 1414
1090 2394
186 857
1668 1922
65 2243
226 1723
767 2441
1551 2695
1144 2606
1211 2172
926 2148
1312 1595
1439 2487
1714 1833
960 2285
1937 2233
266 422
1158 1620
519 1149
39 1967
2092 2678
100 1731
1838 1867
1297 2647
666 2404
172 2566
485 2043
1115 1358
1174 1564
171 951
984 1696
231 2232
609 1821
1972 2624
2646 2658
2349 2413
249 2684
1084 2333
741 2306
122 1888
556 2639
1386 1882
171 556
48 225
844 912
734 2279
1714 2272
491 1619
1852 2545
261 1147
202 1822
67 2491
628 1251
186 1119
1027 1650
357 1707
1435 2356
1679 1926
491 866
133 1807
2451 2686
48 1259
1663 2345
558 661
298 1076
770 1746
221 2351
378 1261
405 2088
944 1160
947 1953
2148 2267
1738 2447
1036 2177
763 1890
239 1494
1175 2249
133 372
646 1983
337 402
1573 2595
1414 2296
1758 2052
61 93
645 2038
526 2082
1372 1862
1292 2206
855 988
239 2537
1635 1827
623 1259
900 916
448 1198
1341 1718
1011 2347
267 2043
995 1307
908 1829
2099 2572
390 876
698 2059
9 71
1308 2183
336 2368
424 1288
644 1927
30 2325
103 128
1401 2376
930 2490
1033 1793
1554 2094
1438 2616
59 272
211 772
1031 1317
1075 2583
1031 2445
287 597
905 2254
1132 2511
672 2356
249 1415
325 953
501 890
1490 2449
57 1260
699 1093
1832 2416
2034 2390
969 2179
1718 1888
918 1773
39 2231
436 2441
1581 1856
1734 1824
184 2299
208 929
1595 1736
219 2098
468 2024
1251 1380
46 1748
120 750
1384 2322
393 2007
1097 2428
765 1040
93 766
939 1006
1557 1889
1404 2047
1622 2655
764 2467
435 2274
2422 2670
804 2022
138 1132
340 1835
405 1753
269 1719
1333 2287
743 1540
1035 2116
533 1015
1480 1657
392 704
643 1464
874 1368
1015 2266
1770 1821
1664 1821
2002 2090
376 2078
95 2705
746 925
350 1657
2099 2586
1695 2559
410 1348
97 2105
814 1832
1954 2152
215 1596
1498 1533
77 643
1963 2472
372 1196
810 1395
478 1868
1451 2418
1386 2193
1159 2167
1308 2044
98 1531
1627 1958
1620 2469
862 2234
480 1155
1812 2363
464 1008
499 1571
2295 2660
2324 2441
627 951
203 2364
902 2540
454 672
1670 2628
358 685
791 2559
1231 2209
1024 1578
1370 2271
522 625
1834 1899
832 2607
121 297
13 1550
817 2664
122 1928
428 1864
1174 1686
465 1440
771 1264
395 2443
1273 2674
644 1823
1374 1493
302 975
506 1595
510 550
2068 2242
1317 1428
688 1081
396 1910
723 1172
98 1174
1274 1284
975 2058
379 603
920 2408
277 2198
145 1332
2046 2418
2291 2459
1441 2649
436 1494
331 1001
1617 1670
364 2241
475 1498
284 2686
1100 1292
634 694
604 1763
1821 1866
24 225
140 2345
2552 2571
1214 2093
1591 2046
922 1293
17 1768
1177 2152
1671 2675
2330 2521
1499 2293
97 427
276 2658
2312 2556
620 675
1237 2311
1326 2418
939 1340
2286 2489
1594 2370
1031 2686
18 2291
1264 1472
1034 1866
1937 2406
983 2450
226 556
1131 1857
371 2032
65 1773
271 2375
274 1575
347 1461
2207 2292
941 2403
1592 1618
1035 1563
459 2409
1172 2047
1162 2455
1025 2417
334 1367
629 2587
1194 2367
788 946
1667 1912
1281 1336
502 2250
763 1787
1455 2565
549 883
2567 2634
880 1002
11 1424
394 1274
1376 2483
39 258
1649 2286
245 1899
1639 1746
504 1478
572 1606
1607 1769
2407 2654
835 1491
1708 2556
903 1040
1044 1222
1264 1669
125 143
1673 2707
261 952
1306 2098
525 1097
135 649
690 1830
115 2691
785 878
495 2695
1224 1298
184 2043
1476 1550
639 2227
2456 2665
233 2533
2108 2546
608 1265
200 791
1091 2178
1047 1694
697 1675
1007 1589
84 624
1749 1842
379 2462
760 2346
1678 1727
33 1612
698 2377
368 2552
360 927
1870 2039
666 1601
470 1735
1122 1391
1186 2019
584 705
463 713
47 663
1724 2545
1901 2406
204 2456
1708 2584
1298 1901
1068 2500
1773 2214
25 1175
53 1387
1661 2584
500 1985
2571 2665
1317 1458
25 2028
52 2224
1286 2592
1695 2507
269 1894
843 2027
1205 2604
35 1810
579 2043
524 2620
144 1035
59 2458
1096 1108
214 651
1620 2334
865 2147
2330 2550
354 825
163 1216
1262 1993
1217 1880
188 2708
272 2463
1031 1210
1594 2583
1008 1866
249 1836
274 1338
713 749
542 1938
10 898
1321 2428
323 616
1669 2354
230 900
160 1727
1373 1718
532 1230
410 2043
2609 2652
368 1789
263 1804
1301 1529
1482 1910
321 2111
1045 2256
169 2319
424 1530
256 1802
853 2050
554 801
685 2174
72 1546
818 914
2040 2177
280 1465
627 1421
10 1731
700 1431
2508 2607
1242 1266
1359 1968
1649 1864
438 1759
527 2269
148 326
1731 2066
1725 2572
1678 1845
113 181
936 1211
190 1102
1503 1823
1273 1311
229 2480
44 700
160 1796
270 566
135 288
110 1897
2312 2554
1020 1276
2538 2628
837 2486
1403 2261
428 2598
1759 1901
1321 2670
14 897
809 1762
272 2413
286 2052
15 2360
1543 2233
536 855
2152 2635
681 1709
2166 2418
1348 2334
183 1215
1177 2105
1159 1586
764 1841
10 61
389 488
1549 2678
806 1942
120 161
1355 2061
1610 2025
468 1336
1403 2460
1813 2339
212 2531
1458 2293
301 2706
1017 2595
1230 2056
1551 1959
66 1530
1934 2706
1134 2005
745 1199
881 1177
1770 2024
1664 2301
370 1411
1528 1907
49 1686
467 1045
445 1195
649 1031
172 2182
1108 1595
646 1590
1126 1585
1604 2302
1123 2506
932 1321
927 2302
248 1432
724 1221
113 2255
899 2679
175 1817
2015 2377
1888 2212
2255 2276
2353 2453
1103 1892
1953 2372
198 619
180 2141
794 1412
220 486
542 1617
770 2275
1352 2279
1150 2336
170 521
417 699
642 1460
1028 2031
462 2588
1360 1889
1637 1904
44 1754
219 791
20 1341
1468 2613
1193 1986
265 348
236 763
1738 2056
345 816
331 1838
1043 2541
96 1163
636 1300
2021 2151
327 2575
1099 1101
6 2245
475 1785
1899 2707
640 2521
278 464
275 927
623 992
714 1032
2235 2661
804 1878
168 2628
942 1641
1386 1691
398 1463
991 1103
1072 1608
113 852
1034 2682
1936 2324
1291 2547
919 2576
1279 1885
147 2067
64 2631
20 100
531 1020
39 1868
595 2096
2094 2234
1406 2419
284 642
763 1780
302 2294
681 1901
258 2519
113 2312
492 547
461 2523
810 2417
694 2707
1143 2308
1575 2050
1094 1330
587 2526
27 1113
347 382
414 621
359 562
1156 1576
1418 1660
698 2210
299 1886
535 1121
265 435
1499 2105
1582 1660
623 1857
1094 1343
1907 2161
827 1966
873 2526
483 2374
1641 2454
972 1201
312 358
221 1325
469 1380
650 1269
221 2567
4 791
951 2344
428 1610
1891 2280
680 1423
2153 2511
1032 1829
1176 1975
811 1428
659 2481
78 827
191 2382
395 1543
566 2434
2187 2476
650 1149
773 1870
958 1015
1015 2267
1757 2090
370 1384
33 34
542 2337
1162 1527
17 735
70 1995
165 1759
115 2255
262 2626
48 1844
1622 2662
131 1443
2373 2587
98 2374
135 206
418 1604
1143 1792
586 1480
439 2070
364 918
1733 2271
1603 1946
1659 1753
1427 1603
2251 2262
46 2440
1294 2051
795 2664
1147 1155
1006 1540
1873 2339
824 1842
655 1583
385 1228
422 1544
8 1812
4 1966
338 2033
51 987
39 2439
2002 2472
1369 1415
718 1442
513 1495
372 2325
1573 2291
282 856
2007 2386
2538 2578
403 1496
233 2078
1834 2356
701 1952
129 894
1631 2682
1880 1981
1414 1866
1511 1768
2004 2017
229 2161
2308 2604
272 1322
1081 1738
81 1467
245 2128
1773 1832
760 966
513 1712
300 1177
778 961
680 1345
265 950
2056 2357
69 2244
714 1866
1205 1674
107 153
312 1232
237 1149
1136 1516
1586 2281
1023 2379
292 545
766 1424
1807 2253
631 2579
1149 2305
532 2401
2336 2706
607 1361
656 1695
404 895
1827 2294
1247 2341
631 1139
315 2303
81 1515
347 2401
931 1857
1013 1436
1023 2451
555 594
1369 2400
2093 2386
17 2061
788 1221
36 633
262 632
763 2313
90 1433
10 2125
278 1405
1714 1728
873 1572
259 680
1188 1449
904 2403
892 2144
9 1194
261 1441
1357 1791
29 2070
2031 2325
310 665
584 1546
705 2014
302 1757
6 1825
2194 2247
877 1723
934 958
1055 1748
477 1503
263 1067
513 1086
335 1881
1226 2452
1389 1924
1779 1983
1491 1506
1926 2493
1901 2570
645 660
574 2245
525 2024
790 1066
1322 1344
1316 2688
272 1030
673 2522
1234 2680
1163 2377
1426 1877
198 1068
198 833
93 2242
321 1379
33 1499
199 2070
2044 2239
532 597
1575 1817
479 489
358 993
446 820
1717 2061
110 1410
789 1534
1348 1861
59 2629
310 1888
1757 2361
843 2538
364 2196
1566 2678
958 1722
866 1908
1726 2551
1524 2649
1064 2579
1352 1533
345 604
1023 1464
412 2286
1223 2022
673 1525
809 2386
569 1482
1136 1814
1122 2481
637 1302
500 1611
83 2670
337 1642
115 307
38 683
921 1942
1631 2391
388 441
1000 1638
5 1716
660 1870
884 1828
136 1779
825 2096
1180 1917
1057 1073
606 2212
1632 2564
1126 1887
348 1744
623 745
1380 2380
1194 1756
867 1202
331 1569
1444 2212
496 1434
577 1788
2423 2572
688 2005
111 899
1868 2694
58 1649
407 1159
540 1601
2499 2507
