1155 1584
1055 2081
372 1433
977 2466
667 1511
1386 1512
298 1429
390 1872
278 2693
24 1880
1155 1898
462 874
1179 2583
910 1173
536 1795
511 2409
2292 2353
545 2210
1304 2286
1599 2287
37 1560
1792 2079
976 2382
427 2547
1112 1635
141 1460
204 343
1136 2338
1827 2566
1697 2067
527 1577
80 293
37 2512
1506 2389
2204 2300
697 1878
386 488
216 574
124 1349
66 1548
229 1048
1337 2618
1758 2183
667 2391
113 2314
1456 1643
633 2358
1235 2116
495 1367
1108 2278
436 2479
465 1304
1086 2047
1079 1144
865 2550
212 1074
805 2205
1201 1651
1224 2484
686 1905
1697 2144
210 2323
511 686
1453 2244
836 1006
1254 2059
2371 2478
161 939
383 849
468 1923
920 2206
248 1685
369 1568
101 183
1359 2655
510 2326
1071 2003
2343 2431
528 1056
36 2361
1299 2342
1679 2478
1642 2337
158 597
1667 1710
1470 1621
1335 2085
306 468
1779 1881
94 1868
1327 2553
1442 1996
692 1067
1537 2304
1076 1607
1742 2215
1458 1869
1486 2678
847 1954
781 2501
1701 2024
1209 1428
1863 2576
1489 1786
182 432
258 2006
2115 2395
1772 2193
129 867
383 1480
1596 1602
313 1596
278 2601
504 555
719 1828
577 2303
71 206
1854 1865
1003 2375
791 976
1129 1548
998 2619
1688 2212
1213 2033
1530 2594
787 1035
2304 2319
965 2463
613 2446
419 2418
1724 2316
1076 1252
523 1495
38 712
102 1084
376 2384
1424 1941
735 1093
1409 2406
1592 2411
237 2146
123 2433
1289 2623
776 1688
512 1974
289 1232
1471 2416
492 2193
748 830
869 1975
1600 2680
621 2375
1610 1831
1944 2017
1453 1912
667 2332
254 1024
353 1223
880 2144
2210 2291
2399 2612
513 1762
1707 2567
139 768
1693 1735
1322 1487
1322 2688
1174 2353
2018 2126
2025 2209
307 1155
782 1483
1954 2557
2380 2693
1011 2566
1436 1627
25 1730
504 1849
268 2566
1893 2015
378 1260
715 1819
1061 2043
467 2258
1250 2341
21 515
884 1622
1237 2075
999 2286
2245 2595
1068 2686
547 1004
360 661
1134 1191
229 1008
726 1175
242 658
1906 2384
350 2278
118 2565
1207 2315
9 210
770 904
1681 2404
962 1782
1862 2454
925 993
762 2586
1650 2336
258 908
2276 2455
1089 2417
1361 2250
37 1641
1023 2348
163 895
323 2184
675 831
232 1361
1490 2696
1783 2354
1116 1696
1987 2378
1470 1664
335 721
1184 2057
1985 2302
277 321
873 1791
436 2411
1624 2336
1739 2158
744 1933
1756 2016
399 2446
1842 1980
1463 2262
623 1841
334 2643
711 1879
66 1531
971 1840
902 2337
392 2014
1575 2074
1602 2371
1012 2457
248 658
828 1701
399 2188
1237 1494
982 2443
1458 2613
468 2384
172 1837
2053 2283
258 533
301 2659
452 2575
213 425
11 2360
990 1626
737 2453
2434 2514
412 1730
558 1327
214 523
2579 2671
386 2333
375 2205
1249 2471
835 2015
596 889
1280 1292
1091 1988
1173 1604
693 2468
4 2273
608 1143
172 325
723 2516
1401 2054
791 911
1385 1693
714 2488
1754 2168
1236 2300
1509 2312
685 1722
660 1219
500 834
372 2604
1625 2522
1698 2596
640 2274
1551 2425
240 1710
956 2590
1397 2328
632 2667
207 1879
1466 2173
1285 1828
157 641
933 1896
1267 1298
1835 1880
2179 2281
20 337
1671 1878
157 2392
827 2093
726 821
216 2035
425 913
881 1782
1594 1637
295 1481
1455 1691
306 2326
900 2136
946 2281
467 1079
147 1496
996 2413
719 2299
910 2553
95 1863
60 685
1113 1259
742 1861
913 2369
1870 1922
480 1844
1050 1439
890 1776
883 1246
1294 1845
1377 1821
1443 2058
431 2115
96 2560
536 2022
421 2040
1536 2169
304 564
158 1336
420 1830
761 2145
835 1256
2095 2670
1681 1880
2307 2652
448 1711
1569 1577
1400 1726
644 2582
249 492
383 1410
499 1713
553 2233
1256 2679
1359 2219
1036 1294
370 704
1040 1742
900 1693
1364 1400
2169 2552
409 1242
508 1260
477 1428
515 1655
555 2447
39 1594
515 1290
630 2677
796 2181
271 1154
435 1450
68 2084
1207 2452
742 2593
9 1444
957 1372
1260 1489
1220 2014
343 2139
1555 2176
585 1177
750 2487
258 781
97 327
1457 1580
313 1942
104 291
2519 2687
350 1050
508 1139
1111 1236
2040 2226
814 2016
26 829
2055 2532
1297 1306
893 1703
1429 1651
613 1183
587 1543
14 784
1847 2087
1851 2615
118 1693
35 1633
169 579
1054 1269
2165 2486
747 1093
752 1339
137 2583
2069 2324
1551 2179
841 2569
616 2273
1116 2268
96 565
286 1338
275 2199
2469 2580
2060 2439
1281 2377
402 617
1174 2523
1678 2325
1051 1335
384 1794
78 698
765 2020
1341 1361
1333 1486
1170 2419
2411 2611
41 1719
329 788
1695 2194
80 862
371 2078
1457 1960
334 1714
2239 2361
830 1201
1994 2323
745 2093
306 2273
834 2091
1513 1550
1272 2407
1887 2218
1548 2383
661 2228
1010 1867
570 1969
1292 1590
667 2630
868 1008
139 2467
1453 2625
2059 2683
603 1326
1413 1517
992 2282
509 1107
1709 2502
464 2317
1088 1451
353 656
904 2567
149 2584
1068 1303
511 1199
333 1281
1569 2349
1206 2232
94 632
689 2301
1207 2162
1221 2338
1204 1753
1149 1872
963 1946
1116 2677
1941 2611
1900 2091
1043 1604
111 2158
1199 1664
425 1678
912 1995
1582 1656
265 2614
364 388
2557 2691
2212 2489
304 1366
2034 2341
57 2451
837 1773
1941 2630
917 1933
94 1217
391 394
1928 2398
1321 2124
1464 2134
49 1198
186 1274
712 1532
1347 2185
1031 2697
681 1620
351 1040
67 485
635 1372
169 1632
512 1332
1131 1179
1027 1585
1743 2668
326 1141
581 2464
1124 1567
1792 1854
1710 2279
779 2229
2053 2636
26 1863
1098 2012
2601 2707
1390 2130
522 2358
353 812
182 1385
851 1284
868 1250
2132 2480
586 1669
1308 1516
1535 1996
213 1288
83 473
827 2326
395 545
1826 2082
2140 2447
1444 1470
1383 2556
1317 2668
782 2593
301 2082
455 1531
854 1040
173 2606
1657 1761
659 662
525 967
969 2086
398 527
468 1015
1055 1205
96 1056
594 1712
1985 2407
324 1842
1118 1601
1245 1489
1593 2268
548 633
442 746
272 344
398 1736
447 2428
1308 1486
239 2496
986 1755
463 489
1024 1837
540 826
140 2357
594 1856
353 1278
853 2674
641 988
193 1385
93 694
289 844
117 124
539 2092
1143 2251
6 2109
1244 2187
1835 1991
2202 2422
2311 2670
562 1826
921 1902
751 1525
840 1978
2001 2704
1087 1819
932 1428
906 2305
1111 1122
561 1450
12 1909
1321 2412
86 1172
207 620
2333 2670
282 2078
1627 1937
807 1144
275 751
2381 2420
1249 2703
1726 2062
458 828
992 1513
964 2078
233 1601
411 1532
21 2327
1673 2661
17 1142
110 1595
1519 1905
322 2352
21 1644
388 2432
2172 2611
1705 2611
383 1470
1258 1478
1268 2307
1724 1985
2030 2043
463 1251
168 1743
1101 2484
261 1857
1348 2420
1066 1125
911 1368
162 1661
1153 1861
1587 2431
719 737
471 2093
2519 2587
53 1297
1031 2656
477 1079
609 1264
476 631
132 814
189 2313
819 1807
1180 1236
1202 2140
154 275
1717 2682
178 1002
2198 2478
173 888
2531 2695
784 1223
1449 2293
93 1433
677 812
1316 2507
192 2566
218 1464
908 1994
395 1138
1336 2023
72 444
1624 1631
897 2584
607 2491
1941 2096
419 901
818 2682
123 1018
455 1004
1448 1629
2123 2374
894 1987
2051 2082
1442 1785
292 2214
820 946
483 2497
448 567
1118 1755
1171 1222
389 577
671 1069
630 2217
2321 2343
1402 2598
336 2277
414 1134
1065 2462
1533 1584
666 1249
594 2310
231 2304
2440 2582
1175 1201
431 1600
1549 1691
791 1521
1511 2578
942 1821
2008 2467
41 744
877 1310
85 2253
141 2322
389 1418
218 1754
259 631
1199 2676
1820 2554
1249 2473
1833 1903
24 1809
1705 2283
381 2061
2348 2496
1579 2320
1427 2502
746 1601
2196 2398
1807 2450
1971 1992
111 1426
376 1915
875 1689
2222 2254
1162 2587
627 1465
1709 2306
643 1372
903 980
288 2393
1974 2526
2087 2596
69 492
783 1010
738 2427
1887 2211
144 1372
1137 1639
1364 2162
2428 2439
364 861
1446 2377
200 1606
160 600
1286 2637
1967 2390
490 1830
558 2324
133 2514
514 1163
503 1569
126 343
587 1666
1411 1832
1570 1720
2247 2250
142 1098
1567 2636
565 1400
328 2063
1017 1609
791 933
2342 2527
104 2300
1039 1692
376 1947
64 2239
2056 2284
105 108
138 570
690 1004
1252 2068
402 423
266 2485
263 1816
762 1871
725 2656
1815 1984
1162 1858
101 870
1008 2539
924 1182
1675 2245
1616 2029
391 425
1705 2049
687 1140
735 1948
1366 2005
2457 2553
1213 1934
592 594
350 431
41 1980
224 1896
459 798
318 2398
1579 2152
311 2139
1097 2544
676 2413
1338 2478
1639 1722
139 1160
1444 2584
229 1947
249 329
444 2323
239 2643
323 1266
644 895
1899 2199
97 1706
1080 1317
1114 2531
1517 2337
702 1981
147 765
2643 2677
174 2180
913 1945
1128 2488
2018 2416
1366 2028
1988 2559
579 2501
938 1034
1601 1708
228 635
123 632
448 713
2314 2420
2140 2408
878 2303
1703 1885
444 1284
1491 2446
944 1035
414 2551
2575 2617
1233 2332
1499 2235
884 1541
1489 1498
928 2671
1312 2274
1203 2037
497 1556
791 1482
1555 2630
615 1058
2273 2676
430 2708
1409 1651
675 1608
104 2358
118 640
646 1572
1028 1944
2183 2664
1717 1779
1603 1649
473 748
89 1831
152 2626
66 2125
1274 2562
253 2609
1297 2497
312 2593
388 1726
787 1727
698 2502
1352 1636
965 1086
1964 2533
675 1762
906 2161
1574 2324
1105 2005
900 2105
516 1581
5 1909
1483 2433
67 481
813 1649
51 1151
129 696
643 2023
1250 1849
490 1163
526 2506
595 788
939 2009
1585 1723
34 918
1355 1660
335 2636
604 851
92 2156
1008 1030
984 1872
1671 2046
88 2061
281 528
49 866
1071 2601
1525 2089
334 2545
718 1032
515 623
263 694
139 2658
8 321
100 1781
299 470
2217 2238
1852 2686
1649 1940
1274 1323
1007 1009
1746 2434
1190 1310
930 1377
178 1820
111 1376
262 1426
667 1191
2080 2087
1332 1952
592 1577
1059 2241
1471 2480
1817 2582
1726 2239
182 1251
515 2330
272 2287
2321 2416
1898 2146
1478 2310
706 1205
262 2377
2167 2188
510 1445
274 1734
140 1981
30 1297
184 1098
1336 2672
423 2054
1156 2566
2129 2425
1785 2287
319 2255
1274 1664
1515 2680
678 770
1250 2509
63 2480
1666 1882
1498 2321
48 1040
491 600
1574 1967
1777 2003
1148 2027
388 1450
328 1902
219 781
445 2634
596 597
107 570
1478 1814
717 2600
2217 2522
161 376
1893 2612
1410 1753
606 2439
2050 2663
858 2652
1571 2293
875 923
832 1286
714 813
263 598
116 831
70 1678
711 2507
168 2255
1847 2148
315 1914
22 1106
89 1640
2131 2480
2426 2477
1490 2047
990 1086
1291 2158
193 959
1039 1232
1654 1976
150 1598
297 1822
667 790
1986 2328
228 2413
942 1801
452 771
910 1593
1153 2229
931 2697
2406 2419
1081 1907
910 1893
615 2245
1952 2247
766 2671
1723 2426
826 1196
1326 2210
795 2148
397 1914
1389 1667
415 567
2168 2188
1646 2613
26 735
1168 2024
545 959
1516 1629
1763 1900
583 909
1191 1768
537 1381
622 1936
1716 2516
1701 1813
676 1791
675 2367
490 862
243 1938
66 2301
675 1112
1095 1693
682 1502
2462 2484
191 2243
1371 2066
831 1036
1089 1189
538 1238
667 1887
1415 1907
1242 2079
41 2576
965 1840
1406 1835
379 572
173 1038
1364 2453
1229 1727
403 1176
538 917
178 503
862 1143
457 661
491 2060
1406 1448
1040 1984
142 1143
212 1326
318 886
30 730
597 1282
151 2280
438 1354
501 2041
446 2477
759 2361
571 2405
259 611
74 1810
266 1239
1204 1257
76 2567
889 1092
372 1886
1937 2142
400 2087
700 1769
222 1448
900 2188
603 2455
378 2310
262 2634
933 1777
1987 2563
687 2418
1801 2140
809 2576
215 792
299 1488
231 533
611 1040
1410 2471
1395 2582
692 976
467 612
2433 2476
1731 2370
2156 2338
2281 2545
849 1258
1293 1599
161 2471
546 2046
1587 2074
629 2174
67 1692
1372 2144
91 1549
401 682
425 1257
2460 2611
872 1280
204 2421
1012 1501
362 2030
238 748
637 1374
584 1977
642 1275
243 743
249 1095
785 901
405 1054
712 1454
154 225
1390 2310
2379 2481
431 2245
1568 2283
1073 1134
816 979
157 819
186 1431
661 1852
623 1548
801 2407
2016 2326
725 1202
737 1537
1168 2180
673 2487
1078 1802
67 470
965 2361
918 2631
903 1333
769 1959
606 1844
9 171
462 609
1523 2266
108 1112
1688 1952
297 420
32 531
1239 2259
352 2023
16 2303
168 889
1434 2056
85 1898
218 2371
437 2648
2050 2683
2651 2665
16 1055
1274 2270
1026 1728
1300 1824
607 1140
106 1674
925 2129
29 211
759 1103
1565 1646
1664 2330
2124 2272
1283 2559
1379 1571
638 2474
664 2294
1005 1038
1597 2288
186 1672
2258 2508
186 203
1836 2546
1140 2188
1050 1896
243 719
304 1495
69 1352
1900 2483
179 1521
1697 2468
1370 1693
1017 2128
1250 1767
718 1774
872 2116
512 965
287 917
150 2297
1033 1848
1606 2533
760 1633
1279 1405
959 2564
1122 2441
1865 2372
514 616
36 413
1259 1430
1012 1249
323 934
1942 2501
67 1271
358 2256
44 2449
723 1400
49 1749
1995 2545
124 1829
1349 2046
824 1641
266 882
1662 2527
1784 2664
1500 1724
291 1740
525 1386
377 2450
737 2616
1628 1670
80 1732
1248 1911
1299 2409
36 1077
476 1593
1649 1914
191 2665
164 577
1912 2138
288 1002
44 1983
997 1256
1415 1860
1076 2200
1318 1742
1265 1370
465 707
967 2475
1366 1970
45 1974
265 1716
1013 2668
165 288
32 1602
1242 2224
1265 1497
188 423
1655 2468
212 1231
375 1694
306 2502
2505 2537
580 2156
1062 1524
104 132
79 1255
570 786
292 809
1230 2556
30 357
2099 2559
2294 2353
1545 2141
924 2094
451 2288
279 577
532 1750
812 1174
382 387
1615 2649
801 2544
424 1843
1425 2659
179 1581
2111 2559
2252 2319
1701 2523
1184 1856
204 491
626 680
1932 2469
77 1064
1222 2426
542 1797
2209 2642
323 492
1267 1832
1142 1182
1808 2156
767 982
215 2322
1927 2206
836 1457
634 2421
1020 1530
282 2509
1356 1393
541 1804
2048 2196
27 1372
469 1951
90 1784
202 2250
453 565
1450 1913
901 1155
1706 2063
2073 2277
611 752
407 628
866 1509
415 2368
132 1993
1632 2207
212 1024
23 2544
1275 1980
1665 2055
74 619
399 742
873 2514
873 1486
554 1988
46 471
1914 1924
79 892
563 2433
57 421
76 1810
597 2203
94 951
1224 2154
1911 2536
330 390
1409 2540
1767 1833
1234 2246
1154 2240
1520 1757
588 1284
147 497
2303 2511
692 2231
238 1465
607 2176
698 1495
242 2200
625 2691
1813 2031
1537 1890
236 2619
613 2294
459 2447
1531 2593
126 644
519 970
94 2558
1030 2159
563 2483
705 1465
650 1236
923 2324
1022 1632
1124 1774
1055 1304
1600 2686
1822 1841
1324 2324
1669 1730
59 2703
580 2079
1636 2688
124 2420
297 665
1041 1934
169 1706
376 930
230 2549
21 1425
2697 2708
507 641
689 1074
1629 2455
693 798
1336 2468
176 1822
416 720
924 1608
784 817
330 780
1789 2533
98 357
1658 2615
1185 1763
569 2201
1665 1865
1447 1852
2 1880
239 589
944 1548
866 2577
1155 2591
12 1611
453 478
604 1275
638 1587
71 98
126 993
688 1731
1645 1704
328 1421
608 2089
24 1021
382 2688
724 1273
545 582
716 2057
139 2205
218 1488
282 1061
1060 1678
2241 2453
180 2272
73 2477
777 2156
820 2417
489 491
221 2665
1037 2224
616 2607
1141 1558
870 1922
310 1628
788 1018
686 1583
211 1638
1643 2202
1695 2038
1418 1637
508 655
893 2244
1980 2506
398 918
769 859
285 1880
488 1011
446 1720
171 1034
1370 2369
1390 1969
52 88
1605 2245
498 1925
89 2412
1764 2188
438 2608
2220 2240
615 1777
904 2478
556 2695
2486 2690
787 1586
1891 2433
311 1330
1090 1150
418 2343
135 439
1102 2271
28 2469
121 2138
120 1732
680 2442
724 2187
269 1487
66 1855
1184 1583
426 587
1330 2260
1313 1602
1405 1983
574 2280
1207 2128
78 705
1395 2532
845 2346
2360 2381
1264 1858
262 1136
962 1040
79 382
201 569
309 1431
417 1052
276 695
2169 2357
65 1013
276 775
370 2286
1707 2404
1758 1935
899 1368
304 1791
377 1722
557 1775
287 1210
152 1698
407 1761
897 1189
586 984
2093 2612
676 2079
686 2446
384 2677
1690 2075
1223 1312
1390 1826
1512 1674
484 1053
299 2364
1528 2427
204 2637
2 804
264 2540
182 1933
12 1696
128 2255
418 1651
15 540
317 608
860 1708
26 100
689 1865
2319 2569
370 1114
1367 2278
774 1319
400 2424
558 2184
132 2005
40 2691
761 2274
861 2312
9 2015
162 2268
750 1091
1817 2389
1490 2648
357 1876
725 1691
1928 1967
665 879
138 1735
1400 1598
611 2636
1447 2671
1995 2629
361 1817
287 306
980 2262
605 1326
291 2215
206 2569
1617 2581
1091 1503
378 1633
1890 2609
439 2245
1019 1690
1286 1777
224 2377
1414 2519
643 2399
284 2536
1205 2175
1545 2047
2139 2175
2112 2683
1591 2672
1394 1688
1637 1986
830 1785
1914 2212
1274 2409
2376 2664
354 1076
150 352
251 753
2091 2550
314 2453
359 935
984 1281
755 768
652 2700
1909 2364
302 360
298 1729
441 1513
120 1434
1757 2214
582 1339
138 2352
552 2371
2394 2551
826 2676
269 1297
9 1574
385 1897
596 2115
774 1206
882 1106
2030 2087
563 2188
1623 2673
415 1720
1110 2173
267 1660
647 991
743 2588
685 2379
930 1708
1276 2401
1487 1535
94 393
297 463
485 528
1775 2506
880 1302
844 1268
493 2244
1124 1335
1249 2239
1391 1844
1585 2298
1795 2670
1372 2558
546 727
239 2134
682 1281
1912 1975
1143 2096
1029 1159
683 730
78 1830
989 1899
919 1020
651 2200
373 512
344 345
438 1719
53 180
730 2083
129 2203
855 1550
290 2145
1658 2094
565 2344
786 2177
212 2093
447 2452
1072 1492
277 1443
2139 2536
1095 1342
543 2553
1160 2484
698 1144
410 2523
1981 2227
1993 2654
323 447
623 1491
1160 2219
725 956
2055 2389
79 2230
1865 2355
414 1693
1449 2007
961 1676
1062 1565
90 2336
2163 2643
662 2506
1367 2198
525 1222
260 2253
414 1244
1193 2509
1111 2674
969 2346
1259 2221
368 2227
120 2253
569 1800
1254 1325
170 1353
415 2448
26 1267
351 1379
1553 1610
266 1409
81 696
25 2479
89 1761
1469 2012
77 2361
1860 1891
788 1981
860 2612
281 1055
650 867
700 1860
1151 2674
26 1201
132 1155
587 2128
1410 1860
137 1150
404 1807
55 753
201 1123
248 2046
2256 2517
2004 2423
1257 1628
990 1097
728 1727
483 1229
465 1200
1039 2455
187 1181
2409 2604
819 1404
45 424
1091 1579
1423 1663
1124 1199
192 2111
292 1075
260 2093
1262 2444
612 842
385 1220
27 1137
481 1959
980 2431
666 1466
1420 2025
1660 1697
893 2243
1637 2173
1245 2586
832 2682
444 1110
1182 1833
208 2389
951 1204
522 2208
215 1234
1186 1697
2223 2418
417 2512
64 2002
1346 2629
860 1720
379 2483
770 861
1054 1596
1276 2049
1067 1113
1055 1352
609 959
277 1845
547 1782
552 1149
1696 1905
1389 2209
1146 2393
1279 1302
1324 2224
493 2505
1267 2277
874 2445
323 1120
1067 2368
305 1661
851 2423
626 1575
392 1027
2539 2614
991 1522
270 2408
84 2374
1671 1749
559 2217
620 869
418 1603
1666 2061
7 524
627 1494
809 893
485 1019
724 1834
738 2397
552 2567
914 1811
1075 1179
840 2331
363 901
390 444
512 534
1547 2479
334 2340
950 1104
2467 2522
1546 2112
908 2027
1413 1669
952 2508
947 1158
516 1652
209 1880
348 2522
378 1126
1633 2249
1061 1262
1399 1589
11 323
1881 2008
1375 1832
298 1065
34 1201
1124 2001
715 2688
473 957
1239 2335
541 1174
63 659
627 1551
813 1893
701 1061
1477 1831
278 2397
1153 2654
970 2266
2360 2514
42 1647
1076 1181
641 1044
802 2082
85 1918
675 826
832 2127
383 2210
52 1700
1991 2379
856 2578
413 821
442 545
853 2046
1104 1202
910 1346
150 2061
186 1227
783 2559
1313 2259
1543 2581
448 1584
1634 1964
1032 2093
1007 1039
569 1705
170 1154
120 1537
394 1907
1209 1741
1025 2565
1617 2605
1153 2320
1307 1853
140 1260
423 1485
693 2398
404 2390
1132 1220
386 1407
311 1919
1611 2662
516 1828
1197 2618
1171 2444
156 258
1663 2545
1942 2707
1633 1744
919 2358
460 721
563 1627
1111 2218
391 2514
1284 1496
1487 2413
1600 2485
1406 2280
1631 2399
297 357
1938 1941
972 1775
47 564
326 2094
322 1659
1231 2607
1043 2617
1898 2069
890 1544
525 1195
984 1487
1525 2021
999 2514
1168 2684
1463 1535
798 2303
153 711
613 2421
1413 1813
943 1606
719 1959
878 1637
1074 2374
1090 2695
1566 2515
767 1293
1569 2176
97 533
297 1929
50 1674
1295 2235
81 1520
168 2652
455 971
1287 2286
52 1708
1022 2487
841 980
1184 1736
585 2222
219 2210
592 2141
601 645
288 2068
49 2133
263 625
552 2661
176 1514
693 2054
1326 1397
718 2565
438 2527
1131 1901
151 828
611 1675
142 325
388 1681
1398 2324
925 1837
1216 1693
72 1868
383 1583
1527 2489
778 1254
461 858
1779 2566
416 2284
1402 1467
422 1315
1855 2179
1774 1853
385 1615
1485 1652
1025 1605
2148 2329
1988 2612
200 2556
890 1343
600 2551
339 2583
1573 1607
968 1326
73 2458
23 1515
1934 2426
1925 2061
698 2600
667 1988
851 907
891 1864
414 1580
141 1845
344 1379
411 1655
1372 1662
103 2661
621 2208
828 1203
1134 2043
492 2475
527 2483
22 2646
173 182
1820 2174
471 2024
1224 2462
772 1764
1244 1981
1993 2664
1146 2192
1048 1514
704 1625
231 476
5 1266
640 1491
1047 1123
631 1795
1460 2676
189 1115
56 1823
581 900
705 975
107 2463
2476 2525
1635 2564
180 1487
1389 1763
1182 1464
755 1344
199 912
132 391
556 988
1144 1370
1024 2499
171 1192
1182 2682
456 1595
513 1918
1694 1820
557 1848
47 1253
396 2635
2311 2660
646 1882
17 2576
436 2595
1159 2413
1424 1712
271 2178
1577 2203
1958 2661
1099 1849
647 1144
1173 1375
178 2151
644 1045
904 2656
1520 1594
695 2687
128 817
1172 1183
631 1761
569 1836
712 1833
752 1149
74 480
795 1315
1034 1126
295 1782
281 1144
738 2466
2001 2646
629 1665
987 1339
1619 2133
958 1698
1564 1938
1332 1832
556 1404
1199 1996
1377 2501
295 788
85 1198
107 902
259 1070
699 2591
1584 1787
207 1137
857 1304
481 651
191 971
1087 2139
800 2383
417 1260
469 2586
1235 2478
1125 2488
157 324
1178 1677
401 780
1563 2673
1412 2550
1153 2631
2275 2559
694 2590
927 1488
1273 1429
1289 2124
292 2162
1773 2219
1340 2270
1334 2516
2283 2507
210 941
1238 2142
395 2517
459 1418
597 1547
1121 2637
609 988
355 1196
232 404
1485 2163
789 1332
1412 2491
855 2336
1011 1535
1058 2193
1412 2565
816 893
538 1315
2151 2536
55 1394
1557 1834
1290 1435
1578 2707
1537 1804
1366 2583
1797 2160
1640 1798
175 203
2337 2600
808 965
1482 1821
1013 1302
1779 2168
444 471
174 2334
231 2033
1298 1489
1882 2399
476 862
463 794
910 1423
652 2561
1135 1271
1009 1595
1378 1729
914 2081
144 776
265 856
1863 2055
83 1654
2418 2448
317 1032
11 2301
102 2301
101 1074
254 1562
1073 1899
344 752
418 697
672 1031
300 1125
152 2085
261 787
359 1476
163 1382
1856 2704
944 1440
2242 2521
1659 2637
1991 2201
1681 2526
11 2463
910 2017
527 920
1107 1574
478 1928
1537 2615
20 1487
416 1397
164 1955
1104 1816
577 1889
291 770
29 171
527 2449
124 410
1342 2496
761 2642
1534 1888
957 2205
233 523
1294 2476
1337 1959
1757 2637
1259 1780
1383 1867
1858 2571
867 2108
210 2493
1562 1676
582 595
1122 1477
946 2443
1281 1890
650 1610
1920 2019
1126 1538
1294 2207
1387 2398
205 1238
1384 1622
616 2628
1016 2586
588 2199
1889 2644
212 299
302 1332
1022 2348
549 2293
2469 2672
216 2393
1622 2203
1201 2582
1434 1603
929 2435
476 1084
884 1485
546 1179
394 833
1394 2176
1449 1886
391 1346
1078 1475
5 2381
568 2624
1134 1406
567 2358
615 1171
1407 1564
129 1793
1815 2063
503 2226
133 183
237 2044
22 1652
1030 1635
596 1433
1496 2548
626 1863
84 424
435 2490
1149 2030
547 894
2112 2580
1525 2700
451 541
845 1757
318 1541
243 1449
2198 2559
683 734
263 2614
1228 2598
1099 1242
925 926
1278 2587
521 1910
81 1342
1127 1812
1198 1492
410 2458
281 603
566 1242
537 1687
1571 2428
1307 2002
311 1878
330 490
121 284
81 2104
360 1276
2015 2389
2466 2681
2169 2251
2311 2540
270 2251
1891 2125
467 753
1910 2449
476 817
106 152
97 2285
385 1187
1227 2030
1031 2222
885 1447
862 1891
535 1795
194 1390
561 2085
276 1039
356 1421
78 1126
1190 1690
1430 2280
875 2205
1519 1796
1227 2063
1870 1979
664 1199
1513 2204
686 1903
793 1670
105 856
444 1113
247 1027
106 2034
350 727
1037 2276
350 962
77 1888
556 1631
213 2618
77 2454
179 1442
1 2261
133 1374
1385 1924
1469 2096
329 2286
369 1769
1361 2239
183 1679
567 2517
136 774
205 2185
580 2670
540 1201
1395 1664
55 1965
532 2675
427 2649
1473 2136
75 2171
1377 1649
1046 1953
872 2416
1128 2673
714 830
1248 1678
77 2232
929 1580
563 953
1556 2409
238 2299
114 1830
384 1770
1791 2472
558 1597
1336 2441
423 446
787 1194
1533 1876
1315 2041
352 2226
19 1940
832 2429
58 1947
586 2674
766 2553
494 1063
690 2241
1033 1360
1635 2451
890 1892
1467 2592
261 1075
294 430
1173 2119
901 1039
71 116
828 2105
36 969
354 2686
562 1622
637 1612
848 2373
19 1795
574 2569
860 2270
160 572
1774 2319
29 2655
796 1311
178 2227
1812 2571
510 1035
471 684
705 2647
259 713
85 354
1674 2488
206 1369
553 718
588 902
1454 2502
848 1611
1170 2028
281 1164
520 1705
1317 2397
381 1794
1420 2378
1610 2400
468 1182
373 1937
1864 2403
1297 2073
286 688
198 1076
931 1808
170 1256
794 1108
616 1577
1433 1824
2160 2620
149 2627
1699 1914
787 2336
1554 2548
514 1855
1365 1427
165 1665
464 1077
913 958
1143 1887
987 1276
1991 2563
696 1568
66 2546
993 1177
1255 2337
1428 2544
414 2433
2124 2605
1005 1199
225 1024
2181 2682
1813 2229
1712 2614
44 2257
86 1397
266 373
1291 2688
981 2686
462 966
1577 1639
1455 2069
167 1139
600 1135
124 1336
103 933
977 1066
970 1069
543 1020
575 1730
382 1163
697 2094
652 1347
707 901
403 1786
83 1597
104 1445
93 191
1445 2553
1788 2247
1796 2563
958 2642
855 1069
576 1149
789 1135
2305 2663
2185 2343
639 1101
702 2683
415 2413
967 2181
99 951
1104 2584
265 2004
1050 1165
1443 2251
91 247
1038 1226
223 2431
13 1853
897 2329
1275 1703
61 1713
1232 1915
112 141
1118 2364
46 650
735 1354
335 848
471 1757
852 2210
1084 1153
1700 1847
1140 2516
672 1464
1639 2046
424 1785
759 1717
673 2605
170 761
1315 2455
2505 2688
1571 1685
1102 1648
1657 2094
1983 2634
414 2284
1856 2587
2044 2330
2082 2128
2086 2297
328 578
1199 1234
147 2364
836 2181
1462 2236
259 1090
1255 1383
930 2089
1419 1901
178 2055
1446 2099
1772 1984
972 1699
3 559
627 1373
75 1303
1397 1711
1405 2508
393 1506
2302 2484
1250 2039
1149 2319
10 562
183 992
1251 1391
947 1186
761 2219
11 99
1280 2570
89 540
57 2708
1147 1360
389 2080
157 1744
1817 2182
237 1621
1259 1567
193 1584
613 2418
706 2449
1058 1458
518 1701
789 2085
54 640
1524 1809
942 2202
657 2338
331 868
2226 2433
1224 2459
328 910
1011 1345
598 1794
1318 2686
449 1458
284 2211
400 449
213 2322
1700 1742
281 539
743 2037
1222 1247
1877 1992
514 1146
1697 2295
1293 1670
1357 2410
1160 1718
414 2255
607 760
810 2557
1198 2442
106 369
155 849
187 646
2138 2243
810 1408
585 2243
872 2285
712 2425
691 2370
1398 2379
499 670
51 705
354 1748
822 2505
840 1755
671 2431
126 1477
1378 1769
1694 1991
409 562
307 483
310 1163
1411 2481
59 859
560 1481
1602 2409
685 1679
1623 1656
1203 1445
282 1802
1003 2310
1567 1775
255 1815
272 1122
88 830
247 1742
206 1418
1133 1216
111 1016
295 1373
2089 2297
765 2625
118 1200
39 2002
787 2681
1082 2687
410 964
1038 1938
802 2140
2395 2493
780 917
1891 1909
1348 2562
187 976
74 2487
621 1716
1316 1768
474 2180
364 1758
581 1030
586 1865
2068 2527
837 934
279 2532
1627 2117
772 857
881 2063
706 785
44 1462
2230 2479
820 2112
1488 1635
255 1882
1158 1395
194 1849
960 2016
201 203
387 1236
1290 1736
1056 2485
1151 2028
1050 2422
831 1587
375 2083
126 1469
907 2467
1275 1696
656 784
67 2665
444 634
203 814
900 1330
153 2214
456 544
868 1793
1391 2660
1356 2157
738 1402
402 2541
447 715
93 2522
133 1160
721 2581
541 2041
663 2312
1690 2663
713 1981
858 1862
6 646
1312 2025
16 632
83 2417
402 1877
627 2349
190 1901
1080 2245
2166 2299
386 1953
520 1136
537 1703
398 2227
1283 2379
212 1848
1782 2244
411 827
918 2067
20 1488
1189 1694
814 1941
838 2340
717 2665
189 823
435 537
922 1669
1036 1553
1434 1748
221 2083
204 2620
1037 2333
345 2586
2043 2472
922 2027
660 705
1080 2659
1223 1641
651 2354
845 1430
190 2598
1892 2051
152 1211
383 799
288 2208
561 979
740 2298
94 161
1358 2598
1826 2013
1484 1843
247 1297
192 2463
527 2397
1013 1224
615 1625
499 731
260 2025
109 2579
1374 2474
791 1886
622 637
262 2073
1544 1546
1711 2527
98 169
1362 2284
1743 2577
859 1844
305 997
1273 2282
1449 2202
557 638
499 1637
1260 2411
765 2369
603 2407
597 843
905 2544
21 2464
1634 2551
7 2286
298 363
388 2174
978 1819
1026 2130
107 2683
222 578
1063 1257
1813 2055
47 2523
1062 1928
1012 2497
113 257
894 1015
1445 2152
79 2601
2415 2696
769 2373
1279 1702
687 2225
1156 1280
23 173
282 986
90 272
967 1106
359 1599
1529 2161
1421 2180
2214 2469
1401 1513
464 1435
213 1985
1196 1592
538 1611
638 1662
146 534
1538 2613
1839 2038
29 1704
728 1960
1498 2091
422 1346
361 1310
504 924
951 1652
193 1272
1323 2098
1781 2339
455 1840
1541 2617
1033 2596
1181 1300
1323 2307
934 1832
871 2327
302 2657
1202 1313
742 2324
979 1661
1460 1462
663 2505
632 818
1004 2058
859 1323
931 1635
2175 2176
655 1266
1395 1795
581 843
1321 1603
639 1577
1348 2590
1294 1844
2592 2670
1082 1840
1890 2648
90 2381
2292 2594
89 146
413 1753
1337 2086
160 304
97 1835
421 1836
1279 2148
1475 1679
758 799
219 1217
2077 2691
1408 2291
266 1314
661 1644
1593 2302
161 691
445 1955
1554 2293
124 1048
1856 1946
507 1992
90 2321
1329 2397
721 1156
1570 1913
15 1333
565 1072
1945 2383
1907 2055
1422 2305
450 2626
1132 1881
106 963
1056 1710
171 577
1422 1686
257 2028
1038 2561
368 1941
643 1146
18 288
439 1935
89 2410
302 466
945 1348
300 1224
502 1547
750 2376
1757 2432
1348 2005
311 412
1327 2547
1849 2304
1387 2129
450 554
826 1534
19 1681
598 2048
466 806
1548 2027
894 2662
963 1054
1934 2472
2272 2332
1166 2232
619 727
206 1033
628 2254
362 1104
442 706
1622 2587
633 741
266 2156
539 1166
1238 1919
975 1370
1741 2511
1203 2260
611 1996
1625 1686
1445 1622
1994 2642
1037 2009
1010 1370
1734 2031
129 611
218 1136
81 1601
996 1081
502 2452
652 1915
1732 2274
813 2181
138 1623
247 348
143 1478
1617 1963
980 2467
814 2205
78 2144
247 2423
1735 1906
1477 1693
1574 2146
779 1808
531 2018
305 651
485 1337
628 2180
1000 1656
1828 2344
258 1582
1656 2409
761 1080
1106 1496
961 2648
420 2244
662 1720
825 1567
863 1364
97 868
1317 1711
1272 1855
1636 1964
108 2095
1349 1968
1401 2521
2181 2617
334 841
1092 2081
1373 1946
964 1890
319 693
1441 1723
2200 2315
1279 1295
359 1095
292 2668
493 1890
1446 1996
1544 2276
673 719
877 2006
538 1830
635 2703
59 202
1270 1898
1202 2597
1944 2629
1401 2434
325 655
663 1180
468 1330
1826 2395
286 1868
154 1784
183 460
617 833
560 1322
1104 2104
756 1797
1189 2381
1471 2705
73 539
597 1714
1192 2497
382 776
737 1776
1945 2616
1361 1895
278 1684
1147 1887
1506 1512
506 1329
1688 2442
2655 2675
965 2610
136 2085
1212 2330
1343 2639
516 2398
409 482
1172 1372
469 2560
1910 2610
114 2517
2235 2649
829 1942
1729 1808
1348 2210
335 521
888 2148
1575 1713
919 1144
156 1501
111 775
1642 2687
1102 1816
1910 2204
20 80
1153 2481
808 1942
1019 1555
1801 2577
16 952
1355 2373
548 2572
1306 2036
1753 2210
1186 2558
935 1365
922 1723
558 2055
880 1696
911 2391
1493 2079
802 1220
558 686
95 320
9 1222
245 2057
123 300
59 1574
1113 1126
475 2670
1698 2530
759 1662
397 519
2206 2269
1333 2538
236 2001
26 1551
477 627
2197 2686
627 2619
1953 2379
564 2464
390 1420
1445 1649
417 1315
1316 1828
1056 1308
1861 2413
307 2173
651 2112
531 1264
1229 1287
218 532
531 1788
1297 2028
2334 2421
1195 1378
1521 1637
355 1372
58 1140
238 372
1671 2073
417 650
2223 2376
979 1315
569 879
1782 2689
1819 2144
1148 1498
1332 1462
330 502
270 1017
869 1221
175 1645
1421 2225
1624 1695
97 2356
76 2457
912 2687
606 2649
463 1217
919 1903
1238 2050
724 748
576 2257
1687 2590
698 707
1548 2381
25 2342
359 685
1297 2089
77 1307
305 2586
1258 2364
1301 2355
1487 2043
524 2693
1677 2295
670 717
1176 2507
1212 2225
971 2020
326 511
587 1823
911 2242
1611 2553
189 2620
1268 1367
173 233
1911 2329
311 802
7 2162
1318 2099
390 2271
1084 1209
657 981
369 1087
403 1236
1854 2386
1890 2275
462 1164
1451 2664
1840 1933
692 2399
1441 1838
1847 1968
399 781
417 775
313 1269
2217 2299
615 833
1033 1639
407 2679
387 1264
1565 2464
820 2664
1172 2188
325 603
298 2019
127 2352
885 1105
265 1739
1866 2234
2258 2546
2364 2598
568 2505
182 1632
161 815
67 1801
1539 2547
1716 2362
258 1209
1754 1953
809 967
1368 1769
1842 2063
101 570
1641 2392
1034 2086
134 1741
446 2658
153 184
798 899
309 2564
715 1852
1511 1863
39 909
172 1948
1328 2588
798 1879
191 832
131 1261
102 2162
965 1069
715 2563
1844 2421
1559 2475
76 516
1374 2707
1810 2294
1213 2082
2275 2707
1480 1914
627 883
841 1789
1289 2549
48 1433
1754 2598
147 2139
123 1570
105 718
1826 1946
1414 1660
271 2658
577 941
510 1227
1885 2527
1047 2356
905 2473
1297 2683
958 1168
1371 1780
360 413
221 620
94 1830
1340 2187
2027 2493
35 1425
39 2216
1270 1762
203 1187
914 2045
1207 1412
1065 2083
295 1028
315 672
955 2708
801 1741
701 2408
779 957
257 1094
90 2521
2037 2078
2035 2356
248 1869
2451 2596
1078 2159
1571 2464
575 2098
1389 1695
1514 1980
641 2460
816 1759
1515 2328
1633 2231
1133 1615
602 2649
73 1627
767 1250
1954 2527
1467 2670
1639 1964
482 1258
408 1245
666 2657
1404 1624
1412 1595
333 683
1126 2109
377 694
307 1545
1201 2459
774 1911
575 799
106 2580
615 1339
168 1342
30 471
1559 2398
778 977
2463 2617
1330 2275
647 1980
102 854
612 1511
996 1391
1835 2411
1025 2450
301 2043
496 1857
1408 1782
2392 2631
306 1474
735 1256
261 1670
1322 1511
1054 2409
1284 2193
1082 1186
368 1798
1528 2134
312 2411
794 2351
23 226
500 1946
474 2200
856 1793
528 684
404 1871
2623 2642
519 2490
672 2410
355 1203
1002 1051
1992 2530
545 2636
1009 2028
1770 2371
1051 1103
2038 2168
232 2609
2252 2460
659 1297
254 1360
1484 1898
25 1458
628 2623
1770 2032
329 1987
669 2235
859 1216
755 1299
2411 2593
755 1195
535 987
204 1195
640 1383
1113 2202
659 2100
2018 2040
401 2658
1523 1533
1449 1589
2011 2386
345 1119
928 1970
1478 1615
1461 2686
191 274
671 1328
621 2099
304 1660
35 1234
726 1932
219 483
970 1739
213 608
2054 2312
2075 2138
253 1705
761 2139
95 120
489 2100
22 1422
124 947
718 2200
741 1315
498 1873
285 2696
1104 2468
845 2091
1107 1384
702 1734
129 1469
172 431
814 1017
2275 2343
461 1748
173 1746
46 2212
333 2507
2337 2637
176 1360
1741 1839
213 2244
1156 1236
502 858
27 1702
1792 2076
1235 1311
165 1071
1904 2609
48 1704
790 993
528 2595
1734 2448
320 1685
1684 2678
99 1513
1360 2095
558 907
313 1653
1590 2033
1422 1478
706 2537
1419 2557
1038 2278
715 1636
383 2147
423 2507
2158 2678
1391 1743
934 1430
550 756
231 2076
1691 2096
2468 2490
950 1480
307 2393
427 2429
79 2014
596 1411
17 384
603 2283
1757 2224
800 1756
1707 1742
45 151
2325 2521
1548 1689
664 1646
1457 1911
961 1134
51 964
786 2281
1317 2015
1499 1558
507 2165
496 2374
624 978
60 1761
1540 1644
1366 2282
1415 1658
1544 2163
118 2398
2056 2250
5 1853
423 1453
1040 1701
671 1676
265 1667
1853 2688
347 2616
911 1144
1651 1867
1652 1690
721 2183
1698 2527
107 483
1804 2376
1134 1281
964 1158
617 2427
2158 2333
1082 2241
1711 2230
1439 2358
1691 2035
344 2599
742 1039
168 2036
81 1880
1319 2091
1306 1887
329 2459
802 1022
1164 1576
890 1654
791 1139
1968 2300
451 603
1367 1768
2058 2453
1031 2291
596 2352
334 2651
1207 1558
861 2547
726 1871
393 677
457 2704
617 2639
327 613
138 362
266 1345
191 1039
1341 2004
59 1914
989 1098
2038 2463
1082 1489
8 2116
933 1226
214 2052
1569 2327
5 1466
27 1316
499 2018
664 2694
1348 2450
535 2485
299 2539
682 890
1497 2335
753 996
170 1748
237 1372
1443 1691
1285 1704
295 394
33 613
1983 2522
1867 2533
236 2610
356 555
1020 1679
391 1466
398 536
1205 2293
761 1947
408 961
531 1533
437 596
234 865
574 2180
851 1136
766 1521
826 863
1632 1634
10 1838
1791 2429
15 2706
84 2372
191 2577
1687 1792
866 1785
2074 2367
1081 1112
541 689
1424 1665
70 1308
158 187
1576 2321
413 1445
990 1601
240 795
540 1720
106 2601
1144 1196
2199 2420
1215 1393
163 1089
932 1385
29 1573
375 1733
2416 2434
287 761
1475 2102
1091 2444
1414 2070
902 2511
620 2116
1491 1854
11 735
182 2162
1858 2629
448 1207
525 1356
550 2610
670 1073
1127 2279
