481 1802
2262 2454
191 1199
193 2418
1242 2687
128 1737
418 602
1419 1635
1166 1731
226 1801
285 897
2394 2656
588 2156
1107 1418
2165 2212
1172 2426
48 647
371 1318
253 1626
322 1424
1292 1862
690 1133
450 455
2007 2183
311 2694
1008 1060
778 1617
449 506
1139 2660
353 1111
1567 2292
533 2004
2035 2540
113 1638
483 1491
1361 1849
2297 2332
35 1033
337 1400
1125 2479
1804 2283
508 1915
126 2102
666 1133
1175 2590
726 951
1356 1553
199 501
393 540
1873 2245
1205 2256
832 2062
1276 1358
53 1312
547 871
995 1430
424 1474
1024 1825
996 1555
357 572
451 2473
272 421
370 1064
2053 2203
860 1355
779 2140
276 384
1079 1831
66 585
142 2221
693 1229
540 2579
750 1439
26 1628
183 1177
1307 1716
2078 2670
723 2138
1936 2183
212 2471
1684 1809
256 786
98 2375
311 1342
254 2313
2277 2668
139 2139
796 2386
191 2082
2061 2295
1532 1589
1064 2413
1001 1149
1762 2661
58 2269
64 2337
37 931
1341 1633
1536 1632
1983 2160
844 2249
989 1279
948 2390
128 2452
1136 1212
1247 2500
1358 1426
1560 2251
1763 2371
1641 1773
951 1985
966 1247
1403 1976
2428 2660
1269 2637
1464 1734
314 1449
472 2343
141 2095
1612 1893
1096 1611
425 2398
1369 2372
104 1426
902 2069
894 1880
660 1550
92 1346
571 615
187 1750
202 2609
759 2307
1374 1911
1618 2092
955 1759
2362 2444
565 2490
205 2341
612 1390
108 474
546 2502
1166 1458
206 2311
572 1192
876 2119
2521 2580
306 546
1442 1861
1251 1574
602 2587
1692 2491
790 2654
277 1660
1308 2501
704 1711
481 2025
946 1323
300 368
153 2453
134 785
260 510
254 2098
1574 2506
1118 1882
1149 1452
807 2705
783 2443
1898 1920
2357 2420
860 2425
1056 1770
398 870
1334 1994
1937 2634
568 1352
938 1345
285 902
918 1645
1017 1734
729 2044
2400 2591
2452 2480
669 1228
1661 2050
1293 1512
127 1238
652 1487
461 2291
2294 2310
68 2670
1576 2148
693 2340
420 1647
191 415
84 1019
1687 2352
907 2080
1307 1894
622 2354
389 2494
835 1114
448 2405
983 1984
843 1448
989 2361
747 2235
1256 2547
127 890
313 2412
867 1977
42 2051
331 2542
2002 2352
190 1327
1714 1767
785 2322
1737 1756
1451 1996
1061 1452
221 1473
22 691
2377 2438
424 2463
444 782
1025 1325
1843 2413
1915 1947
1517 2707
684 2532
108 1182
2305 2689
600 1046
794 1616
127 1972
300 547
198 951
1656 2282
1056 1475
318 2538
955 1391
628 2703
933 1971
2047 2412
1011 1848
1481 2337
1046 2061
1279 1946
293 1393
389 1881
758 2293
584 649
605 1403
569 1841
86 1274
761 1780
1738 1947
573 2300
2048 2233
419 1248
553 2219
622 2330
672 1086
752 1691
1366 2052
3 584
2060 2144
595 609
1065 1272
1259 1769
1746 2125
1107 2175
1801 2397
1228 2662
871 906
39 2509
77 2604
336 988
787 2278
523 1071
654 1488
112 1568
323 2157
1910 2554
2559 2588
361 2365
175 2331
1146 1300
677 2516
975 1758
345 2177
205 1851
1441 1612
1413 2376
1160 1211
633 2643
359 1336
243 1231
315 2092
2033 2679
728 783
1643 1984
222 2138
1462 1905
79 2559
187 1887
1516 2172
1073 1281
926 1361
616 1842
1844 2228
1225 1347
1589 1602
1143 1234
622 1473
889 1372
257 2377
266 270
746 1029
420 1312
1245 1781
1081 1531
1253 2403
1529 2345
862 2398
636 764
1527 1541
417 1934
145 1278
830 2304
957 1448
360 2449
384 1348
291 883
488 1288
533 1457
511 1868
1548 2419
360 419
445 2293
554 1482
616 1165
783 1057
34 379
2063 2142
627 2679
753 874
588 2606
260 1106
469 1298
29 2390
1664 2475
2231 2341
646 2360
1249 2028
215 497
264 1197
1600 1876
1701 2630
967 1316
1614 1716
1035 1699
1426 2634
348 2412
146 732
189 232
1012 1933
2056 2648
339 1279
1676 2635
913 2335
77 536
729 2442
78 2489
1409 2531
2075 2179
661 1793
334 1265
113 1042
300 1462
70 1352
481 2507
285 1103
910 2435
1888 2611
1385 1887
761 1828
1704 2365
215 1786
1575 1684
444 883
841 1120
423 1979
776 1770
454 1873
1513 2035
1213 1877
685 2102
150 2232
623 972
363 572
1288 2211
1215 1631
874 1305
2019 2103
608 2031
541 1335
333 1149
1181 1450
965 2644
461 743
136 784
768 2177
2035 2438
1813 2317
1138 2112
851 1147
1674 2095
661 873
579 1030
716 2681
2199 2280
1786 1914
1270 2219
324 392
556 1250
999 1340
1647 2706
119 2208
1868 2517
1659 2652
489 875
2651 2704
139 2270
488 1706
491 879
1698 2423
1027 2105
827 2304
1178 1411
1471 2619
1644 2395
1310 2441
1992 2243
69 2218
2181 2205
1623 1919
255 2507
2000 2126
304 1016
768 1523
89 2139
148 1120
665 1058
23 1493
80 464
338 2053
315 900
2438 2562
1101 2057
1091 1302
1381 1877
402 2382
1373 1550
268 2108
975 1968
1851 2323
566 2647
793 1013
474 1599
2171 2323
53 1798
969 1836
735 2236
1460 1567
320 1894
1686 2188
31 2036
1291 2506
754 2624
70 878
1117 2165
488 566
917 1436
602 1885
1395 2631
1591 1812
665 2627
2380 2547
304 1830
312 2342
1857 2243
1176 1979
254 2531
798 1012
1250 1335
394 1070
381 1640
537 1308
164 886
224 1759
378 2043
1227 2367
134 687
1285 2209
2615 2618
376 382
925 2230
1120 2198
408 2043
714 1349
57 2553
1421 1502
124 799
1269 2295
744 1257
964 1184
1397 1775
1470 1743
1729 1981
834 2434
2032 2394
2409 2619
326 2254
2138 2655
2489 2639
763 1948
1313 1927
475 2017
407 2096
194 934
1487 2577
2406 2569
626 1506
531 1323
1005 1581
138 928
297 697
760 2325
897 1029
655 2686
725 2577
1311 2545
1540 2628
925 2509
731 2477
73 2013
978 2234
1440 2271
14 1056
475 2687
577 2333
10 870
1649 1722
411 2548
670 1056
542 666
525 2471
146 329
493 1863
468 2459
38 414
406 1528
866 1282
1966 2138
1648 2590
854 1095
1042 1738
389 1898
720 1409
289 2025
428 1814
112 885
996 2260
122 1878
379 1731
115 1967
1923 2077
1668 2183
775 814
320 723
1586 1802
244 1600
541 1563
252 972
146 1183
1382 1908
1511 1696
818 1739
1426 1735
1201 1311
483 1948
899 1722
36 1782
1431 1480
1878 2253
127 2661
925 1318
678 2032
419 1272
206 1695
844 947
321 2039
558 2634
1354 2394
466 2676
2105 2474
114 1737
497 2252
1144 1638
651 1641
1251 1847
652 2550
1588 2628
1119 1804
637 1650
479 1846
1163 2278
873 1054
1091 1893
1605 2554
1653 2094
1400 1476
1476 2678
1056 2408
143 2444
1346 1944
2139 2280
543 2558
1615 2469
597 1661
2131 2351
925 2507
575 1536
230 1776
2146 2623
1571 2618
2415 2458
507 805
297 1189
436 564
2234 2637
1707 2227
1907 2514
1369 1610
1058 2689
462 834
1239 1319
451 1122
714 2179
1418 1854
1453 1736
1395 1582
315 2552
1248 1521
1166 2515
267 1621
124 518
1024 1727
222 1179
588 1953
1470 1861
136 1008
1380 1926
1287 1878
1777 2541
628 2174
1781 1886
1665 2597
1737 2098
2098 2320
1185 1312
892 1529
1288 1588
774 1176
201 2187
531 2476
1245 2404
1181 2095
94 1678
1724 2215
608 2695
265 376
99 1068
381 2016
2013 2415
1476 2020
284 1654
157 852
1456 1614
475 2381
415 1308
1227 1260
265 2156
316 610
571 1789
114 804
43 959
1602 2503
275 2614
1499 2599
1383 1906
716 1433
124 597
229 2062
1399 1596
755 970
1746 2045
924 1497
1220 1907
1086 1457
3 908
345 793
682 1618
459 690
856 1603
391 572
309 1828
1919 2673
706 2451
1393 2063
747 2351
1568 1611
570 1294
514 1063
499 619
1565 2627
1364 2243
140 1725
1433 2592
258 2688
1700 2117
1300 2523
2052 2459
936 2631
1084 2008
1035 1907
846 1814
420 1842
1792 2011
626 1372
7 1529
512 2665
1579 1807
636 2033
760 1485
1165 1948
851 2152
1180 1590
681 1449
582 2526
1271 2305
734 2218
299 586
1168 2269
280 709
1897 2652
428 2172
95 2332
498 2611
1039 2490
42 2680
1903 2296
746 1016
594 695
701 709
2175 2446
102 2406
767 847
686 1064
375 2427
629 977
1713 1813
64 1543
284 1509
92 1482
407 869
1153 2594
1880 2129
1520 2261
1907 2046
763 1603
76 2663
1111 2496
723 2175
1037 2405
1573 2115
1102 2380
157 2487
667 817
772 886
81 1263
398 1268
1550 1719
1593 2096
383 1724
551 1485
1276 2202
417 1591
154 753
2303 2328
45 943
751 1112
2547 2617
656 743
1132 2617
430 2246
304 353
1380 2689
605 1391
1298 2249
742 2675
37 1722
1107 1499
1485 2445
1573 2657
219 856
2361 2408
288 1317
370 1577
916 1736
1305 1716
21 2249
481 770
1104 1479
352 2374
394 775
630 977
285 1623
665 2273
986 1501
91 663
950 2192
1031 2656
416 581
1363 1965
2036 2565
100 1460
572 1488
112 484
1078 1690
160 1781
1033 1436
989 1887
993 2432
2234 2307
101 432
523 2689
1429 1680
760 1021
20 521
1048 1872
1622 2569
111 2321
1906 1918
42 1767
1367 2082
157 2127
269 662
467 2275
311 1432
768 2152
1584 2322
723 2661
2184 2664
536 695
1213 1814
2424 2697
1250 1746
1192 2047
199 2145
269 2059
326 1232
277 2589
1209 2707
918 2005
660 1330
955 1566
924 1619
848 1188
526 2317
164 2656
1084 1607
2160 2211
1162 1564
501 1877
1370 1824
143 2552
2108 2318
469 1342
1325 1404
1129 1153
1448 2511
278 740
1566 1915
705 910
1591 2070
576 924
1178 2557
498 534
463 2382
768 918
418 1120
1056 2129
389 1130
15 1201
40 1946
142 2303
822 1549
1360 2544
2152 2610
584 1256
125 1841
36 2234
469 1876
770 2323
2126 2232
343 539
459 2293
1278 2235
1365 1940
1810 2546
959 2624
49 1573
930 1830
1144 2029
1012 1175
1168 2356
1932 2128
938 1327
192 463
816 2519
830 1472
1820 1922
1386 1814
1088 2345
163 1006
1565 2297
1276 2368
1857 2501
1739 2615
38 2318
1584 2279
559 1926
808 1499
733 1959
961 1734
1329 2538
297 979
355 2563
2338 2404
1548 1680
282 1649
1011 1374
1037 1311
556 1669
919 2578
1385 2431
2047 2371
2491 2688
2184 2656
560 1668
496 1519
761 2231
234 384
911 2280
1559 2287
1232 2325
1414 1464
128 441
1044 1918
704 2672
1415 2484
344 2527
266 2281
1887 2532
40 1547
130 467
1970 2459
497 1867
141 2558
511 2382
795 1294
440 1590
2027 2102
244 274
851 1942
1084 2080
302 2280
347 1822
916 930
513 965
663 2078
142 521
914 2542
320 1455
645 665
1117 2267
1006 1284
295 1522
740 1839
2449 2596
28 2087
1067 1842
1413 2410
816 2647
526 1707
1840 1959
253 2296
454 835
157 477
1213 2683
1088 1129
1641 1779
658 1786
130 894
90 542
2389 2476
1030 1097
630 652
175 2500
1155 1253
180 1106
2148 2581
2165 2605
292 1687
12 2625
1042 1793
1451 1979
1666 2314
163 451
397 2261
1302 1531
744 2708
842 2314
1251 2522
1072 1688
1108 2582
29 788
643 1433
769 1863
127 1281
38 1865
746 2560
1636 1676
886 2477
526 588
1075 2242
1349 1784
2392 2458
1463 1731
1421 1603
248 821
125 574
194 1688
316 928
486 2340
311 611
1001 1618
685 1896
880 1858
122 1147
1979 2687
566 1549
877 2486
1502 1594
1009 1636
2015 2093
1097 1306
856 2145
922 1820
1487 1541
762 2084
685 2544
1531 1872
44 2337
1103 1707
2083 2367
1475 1876
1500 2252
1031 1551
173 1903
546 1929
51 617
1611 1678
629 1954
1075 2200
629 1407
554 914
1371 2590
1148 1635
792 1032
1820 2451
804 1903
817 2075
978 2308
1496 2117
2423 2440
357 1583
1276 2342
486 732
528 2217
390 2383
1993 2308
842 1581
79 1754
11 1053
571 2004
1389 2424
1345 2321
463 868
418 2271
347 853
117 1043
1105 2047
945 1781
1794 2347
1163 1781
1877 2480
685 1991
1889 2132
2192 2364
1446 1994
395 2230
2489 2600
99 1037
918 1919
808 2281
1098 2269
998 2008
808 2416
1329 1740
1380 2079
1272 1355
901 1865
1854 2156
218 2211
118 1876
218 2654
1452 2484
1360 2045
634 734
346 952
1117 2105
536 1118
59 364
2625 2660
2080 2636
737 1563
101 1043
462 2242
550 2367
683 795
164 2347
284 1236
1430 2514
568 583
560 1729
162 2016
594 1658
2060 2538
567 2484
1171 2488
471 996
264 1854
1424 2325
681 1342
427 990
726 1229
1253 1796
920 2571
96 2384
72 1880
1120 2288
1798 2682
1914 2314
923 2673
945 2458
1636 1734
1692 2140
610 2566
2119 2352
1021 1582
727 1269
1781 2553
510 1200
454 2234
1890 2674
223 1190
673 1636
1697 1987
634 1631
85 631
1061 2269
611 1356
1414 2080
392 2334
1177 1629
943 960
103 1095
25 37
1192 2292
548 858
198 1756
182 490
925 1387
632 773
1217 2509
43 1069
1004 2540
209 2374
1621 1966
713 1980
1366 1438
945 2617
1469 2320
748 753
2089 2392
1519 2691
1153 1464
2606 2688
320 1490
18 1114
629 1800
1576 1882
2367 2371
55 1122
139 929
2177 2398
643 1486
46 566
309 569
1093 1991
1972 2333
1390 1534
876 1253
666 1755
671 1339
1658 1688
1445 2200
1317 2521
990 1057
671 1029
153 1223
2225 2552
452 775
1556 2275
1737 2231
480 953
438 453
1184 2447
1360 1482
563 2039
1056 1894
239 1769
980 1407
808 2544
28 1631
983 1318
865 1777
1055 1775
1310 2067
34 1035
162 2483
399 2241
796 1898
982 1358
2016 2652
113 169
1266 2124
31 1171
516 2171
2246 2335
1276 1849
2043 2663
292 485
231 1638
2068 2392
575 1076
760 2382
528 2077
724 1742
25 1137
1058 2069
1619 2644
307 1795
1249 1345
637 2181
707 1439
1334 2210
1446 1975
1248 1844
784 1896
1304 1704
1558 1635
578 1825
125 1051
1160 2371
2176 2360
158 1786
392 1901
1690 1984
754 1172
2261 2467
228 2257
825 1480
1245 2614
720 1208
1735 2333
75 936
1756 1987
1232 1622
608 754
1143 1517
111 829
1852 2394
1406 1970
407 2242
137 2658
1065 1256
267 1756
877 2478
1339 1612
661 2351
1384 2095
47 204
822 856
11 213
274 543
189 780
237 1732
313 1086
1823 1994
498 1432
349 1476
1276 2400
1503 2605
1394 1757
774 1095
746 1537
727 2444
145 1272
1457 2028
96 2241
432 1566
1593 2397
614 1182
2307 2333
771 2577
831 1597
1906 2421
650 872
152 328
951 2642
1294 1330
609 683
1079 1963
1761 1977
107 2644
348 1640
957 1889
1130 1869
951 1707
410 1372
398 693
563 774
1904 2302
1323 1795
142 2661
167 306
31 639
595 2497
493 2652
881 2426
746 1363
56 2039
1644 2336
279 1723
1346 2152
1418 2542
548 1298
318 870
578 1493
259 1330
742 1429
407 1056
2055 2193
981 2239
383 1259
1983 2317
541 2462
1048 2474
187 540
1634 2088
449 918
254 2383
1071 1849
120 2572
158 1798
2329 2506
1649 2018
1001 1441
1357 1975
1390 2651
2339 2391
148 1196
1192 1589
1453 2607
187 2370
495 1622
1354 1879
825 1901
2048 2198
1777 2464
69 512
206 1258
175 1599
330 1380
2160 2570
1615 2697
1364 2505
473 2100
707 2552
2287 2445
2368 2416
615 1519
48 2550
1111 2560
1579 1815
634 1649
607 2408
450 1317
526 665
1215 1407
265 712
1121 2078
616 1544
144 470
1311 2226
1236 2363
856 2082
670 2483
1496 2305
1248 2704
1969 2022
543 2328
1618 1776
232 917
1923 2608
1625 1954
1317 2236
109 2489
1249 2559
319 2481
258 2045
61 1662
2484 2619
361 862
725 1156
225 354
1409 1959
726 1899
2260 2493
2029 2094
138 2066
168 2661
658 2177
473 2651
1454 2390
1105 2510
635 2247
107 988
955 2596
2158 2428
960 1708
1698 2238
565 741
2339 2593
2271 2474
1129 1338
1913 2642
924 1694
310 2055
192 490
999 1166
272 869
827 1873
2203 2423
1122 2025
1195 1610
626 1048
119 988
536 1236
331 1254
1100 1603
888 1397
1069 2566
232 1188
837 2583
336 632
225 764
580 1663
818 2514
2348 2707
4 1059
129 2353
35 1524
187 577
1453 2187
890 2343
1048 1304
1238 2420
945 1163
992 2316
144 788
798 2478
938 1585
1903 2210
151 875
596 614
650 1394
744 2403
268 1460
301 1783
1959 2041
1247 2441
2001 2483
417 2615
2222 2629
922 2682
912 1742
1901 2058
1845 2142
446 1274
857 2124
1353 2599
515 1322
1461 2357
2219 2707
482 1046
777 784
750 2419
1477 1785
798 1250
1406 2409
864 1413
767 2369
1680 1819
528 1278
1252 2410
546 682
1569 1987
950 1096
1899 2185
329 986
747 1252
586 980
126 307
1137 2664
1435 2140
1018 1767
1097 2316
534 1544
771 882
1272 2173
1761 2678
528 802
1517 1836
254 750
813 1857
1928 2480
102 2502
2032 2294
225 2085
2127 2179
18 2045
1894 2682
343 734
186 2382
164 228
1862 2006
747 1540
56 2006
226 2617
1467 2617
417 482
1663 2599
572 1401
667 1089
1913 2553
685 846
798 1604
1061 2176
697 1310
78 1468
1394 1735
347 1141
960 2372
47 2499
16 336
605 2025
437 2183
1600 2474
39 777
2597 2649
515 1393
112 1814
409 2364
872 1942
102 2675
2004 2340
964 1082
1958 2027
212 2342
1238 2131
288 1064
324 639
544 2486
477 2425
19 1882
1127 1872
1188 1249
763 1123
558 1795
313 2268
783 1184
767 1293
20 781
111 477
92 482
925 2630
1231 1992
1140 1730
533 2001
2111 2684
458 1494
1151 1726
111 711
1529 2114
201 546
127 1026
557 2588
1209 1800
534 943
351 2162
49 2681
53 2273
791 1853
2194 2696
722 2417
2087 2240
1016 2221
537 2288
737 1746
1616 2055
280 1537
2216 2523
502 2394
347 1748
840 852
1854 2395
1754 2063
1190 2367
1065 1110
156 1332
316 2178
1770 2179
476 1933
153 2583
2487 2668
793 2393
223 1110
1022 1547
2133 2177
1301 2416
324 1391
389 1432
38 1837
1346 2611
1168 1729
585 919
1656 2566
1299 1569
949 2549
654 1948
309 2072
1645 1693
545 1749
2080 2300
1131 2678
1 1247
1 1972
53 510
1573 1935
886 1343
38 1873
874 2342
675 1666
2021 2596
1248 2545
311 655
1570 1877
66 465
349 1863
1817 2589
2111 2537
54 1755
759 922
1748 2093
1723 1976
1482 2400
2490 2693
1639 2530
737 2626
817 1651
67 2409
645 2614
446 1407
353 2329
964 2555
1348 2314
732 1758
1251 2420
104 1303
1353 2451
711 1273
1584 1901
1548 1780
1772 2657
1061 1316
236 1912
1977 2564
1605 1912
1417 2310
2003 2619
1265 2499
829 1702
1058 1965
812 2331
1043 1618
657 1001
751 1179
984 1164
222 1979
1443 2098
70 984
20 587
140 861
1103 1150
105 2505
1148 2139
1369 1986
597 1027
1645 2512
96 626
778 1786
1385 1474
879 895
604 1302
2206 2433
1047 1780
513 1477
361 456
2079 2636
1326 2050
689 2607
1882 2413
1516 2328
139 2399
809 1357
998 2179
1551 2067
650 1446
1937 2196
260 636
350 1241
1308 1940
457 789
690 947
978 2378
1791 2227
157 945
1098 2673
1188 2070
184 345
764 1428
1104 1266
143 2267
1274 2193
244 1430
328 1837
40 65
1009 2499
58 164
900 1635
316 1566
1572 2018
1264 2040
173 747
806 2239
560 1256
1849 2610
1896 2339
662 2124
1275 2684
1016 1554
373 1415
1023 1887
669 1483
169 951
705 1757
7 2140
441 2091
34 1060
2041 2395
2228 2439
714 1181
2268 2478
268 1913
287 2313
540 2300
133 610
450 1341
1724 2592
436 2108
1460 1884
1239 2542
1520 2105
171 765
1071 2272
36 375
482 939
1378 2606
875 1802
358 701
756 2583
1021 1216
878 2675
582 1879
787 1383
661 1429
2452 2481
1959 2047
822 873
1906 2531
1637 2003
390 522
468 1174
538 2708
1254 1275
313 450
1214 1519
2028 2426
1485 1571
1728 2322
1734 2215
854 936
360 744
1339 2608
1824 2173
1079 2139
157 1853
1758 2506
1878 2180
1252 2286
1681 2338
1731 1802
1607 1697
800 836
1206 1902
390 2283
1707 2515
1095 2455
897 1237
1056 1515
178 1263
783 2509
1101 1220
686 2200
1123 1271
628 2681
297 2026
122 2628
1008 1633
60 1857
388 737
983 2249
1858 2629
1699 2296
111 2618
14 2617
1329 1500
110 2530
115 1210
777 2045
108 1450
580 1415
1865 2502
263 1406
1896 2111
1586 2148
254 1285
1136 1465
1331 1554
106 2593
1993 2311
479 1847
1733 2407
1781 1935
260 2682
1047 1532
1360 2046
5 930
1230 2707
939 1773
933 1527
92 1411
104 1479
1484 1773
572 1043
1755 1965
252 1497
257 1421
162 1926
1149 2037
1103 1293
1629 1884
1749 2549
248 556
1275 1569
875 1794
41 1889
1268 1869
452 2063
111 1953
1582 1619
1512 2236
1420 2682
48 571
1239 2303
1197 1204
1558 1606
211 1087
942 1287
245 2092
967 1048
1415 2199
1476 1571
104 2127
1070 2615
691 2223
1784 2001
1151 1529
586 1544
1365 1996
617 1735
235 336
910 1059
1080 1143
1929 2700
525 2098
659 1370
762 1862
2589 2672
1293 2362
419 1078
1104 2004
558 2006
412 2648
1135 2127
171 562
871 1502
1376 1402
1010 1194
1536 1863
638 1359
782 1995
865 2131
1043 2490
2059 2205
398 1942
1585 2057
247 417
243 1826
311 758
704 1042
1216 1966
1411 2659
1347 2369
405 1235
8 1763
558 1115
1033 1650
2060 2555
430 1622
301 1784
1856 2251
707 885
329 2566
1255 2300
117 1106
927 1129
1489 1758
2331 2703
1114 2261
31 585
422 2082
1851 2347
1579 2230
1401 1744
399 742
549 1015
93 2430
1734 2389
716 2424
421 1591
2073 2361
1377 1870
232 2584
1871 2117
1937 2012
816 2682
760 2490
121 1214
90 1018
403 1086
930 2274
291 513
1946 2417
700 758
1775 2683
1844 1893
152 462
542 1011
996 1623
1727 2506
478 1173
1664 2395
61 1562
371 2556
156 1055
1181 1719
437 1151
1205 1405
1597 1791
1261 1951
2306 2639
2420 2637
837 2075
510 1146
1694 2547
1509 1889
184 541
77 1026
122 2339
1479 1895
1111 2618
742 1424
1974 2700
925 2126
245 1215
1951 2618
108 375
535 2317
657 805
735 2240
958 2055
1198 2686
417 939
219 2377
633 2400
1610 2161
89 1678
418 1222
1482 2358
412 1922
967 2517
1401 2503
799 1706
1415 1838
301 1561
918 1970
626 735
184 1317
1993 2131
545 1252
793 2036
248 766
173 1624
596 2421
542 2391
496 1176
1536 2337
1719 2608
1484 1800
1532 1624
157 847
1252 1727
428 1293
521 809
848 1856
827 2703
311 686
214 1251
791 1374
598 1535
36 1539
1280 2668
1297 2027
1321 1969
1022 2444
1823 2421
132 1035
424 1349
762 2670
469 1539
1632 2196
1572 1823
1219 1864
661 877
565 804
1476 1919
1429 1974
251 256
349 1519
201 791
8 1187
1048 1409
38 560
95 1140
382 1369
1742 1985
510 1471
734 744
577 2003
98 1842
2090 2659
1275 1927
1677 2708
2050 2068
26 1730
372 2232
489 2664
305 2032
214 2319
665 2119
459 2185
1235 2166
1500 2089
103 2032
2145 2337
214 2601
639 2196
1150 2581
565 2624
685 1583
409 2445
391 1702
682 2204
628 1652
77 1952
1614 2018
843 2370
1289 1562
1757 1784
641 1817
2219 2594
130 844
428 1991
354 851
57 1012
334 432
1493 1843
603 1572
427 1549
543 881
1976 2623
1098 1445
225 787
1995 2406
67 1162
2439 2673
1180 1992
1892 2648
1018 1064
168 2082
1230 2046
15 1858
174 2230
993 1520
1305 2154
473 2434
717 2095
667 893
652 1370
269 1657
561 2324
766 1200
319 2628
53 2168
893 1633
71 1893
422 2570
799 1294
153 1254
1150 1445
1829 2096
165 2571
1242 1612
632 828
1084 2365
210 1430
86 611
142 545
720 2112
704 2223
1037 1460
2119 2266
838 2047
1073 2455
527 669
442 1456
388 2375
144 1749
939 1729
979 1431
1120 1807
257 2508
346 1801
45 1587
1662 1667
1165 1774
1039 1759
212 1403
1440 1786
712 2703
322 448
278 864
1027 1664
628 718
1457 1569
1572 2459
522 1567
2017 2682
1595 1837
1331 1433
1338 1890
1061 2594
1395 2144
1231 1241
388 2440
1543 2327
694 1115
1812 1871
573 1131
501 2280
624 1204
1691 1995
1796 2552
1226 2392
69 171
1386 2055
15 1893
72 1016
1148 2608
32 1424
1107 1554
1086 1121
732 1018
215 2053
1447 1798
1055 1606
84 2644
437 2211
650 2275
1315 2125
895 1575
335 1691
150 2112
1312 1791
706 761
1262 2627
1928 2561
1828 2510
251 670
1088 1121
1339 1969
834 1439
360 1312
71 214
254 602
65 1265
571 1183
1466 1927
219 1173
1115 2555
2016 2370
2332 2551
208 1192
1695 2337
1965 2130
359 2376
266 1677
222 595
726 1718
556 2380
198 818
1371 1374
79 1813
1172 1782
1325 2103
105 2493
2312 2480
408 2536
531 1228
1717 2604
1557 2651
686 1297
53 285
1076 1926
86 1601
706 2147
1863 2406
1323 2445
585 1846
1356 2358
272 1130
224 1359
696 892
1035 1410
136 2040
19 1244
1389 2202
1410 2583
515 2467
1180 1349
1698 1780
432 1685
311 1744
448 2017
1234 2514
1447 1586
237 1389
324 1671
1558 2050
1672 2554
125 901
163 1820
1473 2562
649 1825
834 2607
483 659
290 1304
856 1648
228 1108
1718 2221
236 1288
171 1971
866 1488
481 1326
947 1870
631 1015
178 1060
2292 2474
1866 2140
1193 1203
1964 2687
1646 1711
71 2369
720 2210
594 1988
814 939
243 773
27 2124
86 1127
355 1201
344 992
4 2404
2384 2413
1291 1484
60 2398
948 1812
1948 2416
1330 2169
507 1769
1340 2390
585 713
746 784
741 1544
40 550
637 980
92 899
1299 1893
462 528
2210 2214
178 1746
164 543
1343 1770
1248 1307
305 795
278 1057
22 1355
807 1275
426 1091
1835 2028
446 1177
1188 2594
210 1978
407 2390
1151 2607
261 2562
435 1663
420 2586
652 1599
246 2412
318 1107
479 1566
1397 1429
440 2251
752 1444
2370 2664
1250 1965
791 1094
678 1359
323 1300
1465 2129
68 1113
1623 2612
1040 1617
919 2076
103 2227
486 1656
2292 2415
873 2016
677 1733
1701 2198
1406 2074
75 522
830 2655
2127 2682
1434 2673
1327 2112
249 727
1739 2687
787 2090
777 2401
162 814
2028 2307
384 2019
463 1575
452 1015
541 959
237 863
1184 1378
584 1390
490 1987
1558 2134
628 1221
634 2304
354 812
1493 1970
414 2226
64 1177
1774 1912
2351 2697
791 1313
971 1705
1267 2313
167 1181
1228 1289
369 1198
125 2208
289 2050
1059 2418
642 2029
1650 1740
453 1968
1288 1813
287 386
945 1138
2253 2519
707 1112
403 851
1415 2252
215 337
1 1224
1588 1940
313 2417
789 1563
1816 1904
233 2057
607 1211
1964 2557
423 1203
971 2271
51 2616
810 2158
1210 1343
2088 2119
178 1864
917 1898
430 2344
295 2587
588 1153
1369 2578
1287 2361
782 955
1335 1654
1454 1549
2620 2639
1447 1776
155 598
758 1421
893 1928
2299 2690
328 547
2255 2599
457 2606
654 1311
424 1267
1798 2439
2270 2625
926 1636
1812 2152
1757 1946
1410 1713
1206 2658
670 2253
318 2126
689 2214
1270 2368
1095 2559
1708 1746
117 352
364 2374
137 1596
661 1393
1280 2296
78 1704
451 2545
1656 2586
723 2099
870 1761
1545 1913
40 2369
1064 2325
827 1214
1027 2013
788 1704
120 789
1134 2351
153 1325
2069 2426
1644 1680
916 965
1391 2395
534 1947
639 2687
1371 1604
409 1651
1259 1290
1076 1884
1031 2342
1588 2370
790 1793
1091 1338
155 2230
1136 1767
656 1247
491 1018
293 2656
1088 2611
532 1428
71 2180
773 1951
1013 1134
53 688
1409 1701
160 2158
507 1339
340 2655
1177 2021
1038 2683
140 681
670 1021
439 2174
1568 2259
734 2458
1910 2397
313 343
1532 2384
692 1453
285 479
2234 2582
451 1737
1854 2333
234 775
1621 2268
1159 2140
257 1880
291 2098
2386 2530
326 2326
2355 2616
75 2696
1782 2480
1365 1587
2451 2557
1557 2262
578 1855
281 332
2229 2428
467 1913
1400 2628
1601 1684
2373 2661
912 2282
132 1047
1789 2423
173 2128
908 1052
2471 2490
104 402
450 666
976 1369
852 2601
400 699
1192 2224
858 2510
1365 1615
371 2038
1807 2112
430 1750
918 2551
1706 2080
1618 1856
792 1180
707 1470
1776 2542
684 2473
50 838
513 2550
475 2661
128 2363
801 1725
220 2594
806 2323
1430 2220
328 545
179 2555
598 2306
993 1732
1636 2119
373 2548
709 824
818 2697
1095 2200
782 2417
2114 2156
1050 2322
1241 1741
1021 2153
831 2375
1450 2171
1176 1688
388 1037
1843 2307
1551 2066
1331 1705
1681 2005
360 912
577 1116
1017 1226
849 1572
2292 2305
1524 2235
825 2349
2662 2705
1614 1621
889 1101
879 1162
95 1032
1255 1666
410 1592
672 1502
188 2298
245 2481
1861 1912
821 1284
1935 2619
516 2273
884 2230
1452 1691
323 1400
269 981
905 1910
64 122
572 2407
1660 1936
706 1717
874 2139
1343 1857
864 2658
1791 2612
1265 2444
1336 1389
562 2292
1782 1831
179 1428
559 2166
213 1779
624 2503
1951 2291
253 1466
403 2083
55 2415
1457 1559
163 1887
182 1242
36 70
1928 2546
1732 2477
1172 2651
946 1462
1657 2285
209 2639
135 2493
685 1995
1878 2258
849 1207
1669 2395
1610 2091
1983 2315
467 1653
29 1852
175 621
491 1257
641 778
41 2139
545 586
1539 1723
2281 2467
1556 1947
1901 2090
673 1605
924 2012
1261 1718
2407 2572
1554 1679
1792 2202
170 2105
52 576
702 2304
1050 2347
144 2649
481 1971
927 2417
122 1864
169 2313
238 554
408 2174
297 1235
1293 1404
1450 2096
498 1248
1362 2532
1826 2227
4 2330
37 2581
17 180
439 2496
1265 1594
2059 2615
96 1059
486 1308
237 682
1627 2407
1705 2696
447 2211
1567 2201
688 1421
1100 2590
345 1560
1224 1643
1761 2188
704 1566
767 823
891 2428
1651 1787
1202 1427
1136 1820
260 2642
1729 2472
1774 2644
1466 1942
1800 2086
1138 2394
1667 2333
1653 1817
503 2305
1616 2651
1101 1403
1136 1139
1086 1828
641 1852
2509 2531
1944 2031
466 1622
239 1934
486 2613
163 646
77 549
1587 2626
596 1401
1861 2238
447 1606
1339 2497
128 1114
376 2004
2354 2450
1580 2053
194 2100
909 2472
478 2277
682 1796
801 838
466 1501
29 2255
881 1079
545 2134
783 2331
891 1275
269 478
739 1926
267 824
2085 2090
528 2003
39 760
163 2299
2257 2274
614 1729
1720 2559
663 745
153 2053
515 1941
555 2127
361 1846
1238 1430
225 1784
652 1406
2452 2564
1472 2174
573 1657
435 1334
863 2434
704 1855
501 1851
403 802
1489 2311
1495 1604
189 2516
2026 2035
294 697
563 1058
1000 1864
2193 2608
1151 2681
2327 2637
1972 2686
2085 2587
1868 2490
280 564
495 1134
255 695
1753 2269
917 2142
1058 1688
845 1913
895 1471
569 892
470 2706
115 853
876 2423
1673 1741
168 1802
987 1419
1058 1890
700 799
516 1495
353 550
986 2173
687 1490
1689 1758
827 2682
504 2703
2057 2178
2045 2592
561 1684
8 442
574 2159
1608 2356
1127 1493
1749 2447
547 1490
807 1824
371 1095
34 274
812 1551
198 2617
762 1423
1425 1840
1538 1704
1246 1944
81 1023
1070 2169
921 2066
1606 2279
1456 1478
193 1484
2086 2446
604 1344
210 1769
1201 1608
1379 2617
613 2269
738 2178
962 2162
900 1851
750 1267
1418 1629
1498 1685
401 1974
586 1980
1119 2620
1635 1813
80 404
1355 1382
91 657
41 1597
1270 1819
171 1147
1201 1737
232 843
1090 1857
1293 1781
478 1676
503 1479
793 2451
1156 1159
467 820
397 1183
1131 1244
221 956
430 746
1182 1395
2066 2157
141 218
1723 2378
2091 2584
812 902
1065 2208
127 295
198 1737
2079 2444
1444 1995
120 123
446 2639
1299 1992
29 843
774 1908
922 1114
288 541
1155 2673
2608 2662
986 2548
281 1128
479 670
1137 1438
237 1072
10 967
2247 2422
816 823
733 2144
638 714
2233 2415
953 1735
346 834
1007 2159
1276 2450
258 1144
1040 1123
1105 2022
277 1903
1021 1063
764 2307
566 2000
421 2253
730 2267
997 2349
1819 1836
739 1573
614 1035
1164 1347
621 2217
783 879
1253 1438
1581 2031
621 2282
611 1995
77 285
257 2634
1203 1836
424 2440
176 1138
1656 2592
108 294
1614 1670
484 2033
704 884
1003 1791
115 2691
521 617
805 1975
1590 1847
347 1213
73 1568
942 1033
68 2406
1656 2026
47 1405
238 767
669 1183
1174 2694
1199 1265
1112 2131
809 866
828 1411
666 1448
1898 2588
133 1830
238 561
1404 1631
655 1252
1560 2083
1292 1587
84 1631
1156 1237
966 1059
2037 2090
955 1750
451 1548
287 647
94 2384
92 459
414 1955
1294 1906
476 1605
1995 2299
539 744
1103 2541
2051 2446
1484 1823
869 2335
661 1182
172 1091
314 2489
1241 2547
683 2570
547 1831
286 1331
932 2024
2346 2365
1289 2262
345 1907
1265 1460
379 1871
476 1233
939 1706
1378 1925
933 2413
2363 2394
840 1946
1094 2594
2002 2629
2322 2678
654 1047
1148 2044
699 823
468 2303
2148 2302
1692 1825
1849 2245
948 1068
525 2403
4 2519
1367 1911
343 2462
128 2340
186 2281
211 2228
490 1394
500 2614
631 714
1193 2033
117 1072
1131 1797
230 1562
1097 1147
1022 2112
867 1372
1174 1896
1003 2227
767 1538
114 2657
667 2510
1836 2588
508 1209
51 842
1204 1292
1028 2572
78 465
858 2433
1063 2428
514 1448
848 1397
672 2612
117 1811
700 714
1690 2219
729 986
364 2310
111 1546
734 1371
1000 1942
392 1995
908 1544
2 1042
261 947
1408 1615
787 1311
349 2526
1894 2381
309 1055
647 1656
1525 2017
1549 1598
1379 1680
1704 2477
500 819
1488 2656
386 1120
963 1892
1967 2247
85 1341
2429 2580
918 2408
379 2473
933 1880
31 1640
1123 1770
6 2506
1605 1733
668 920
720 1069
1681 2171
1036 2546
1137 1461
1640 2233
911 1879
398 1925
349 860
2515 2583
199 1960
488 2357
417 1500
10 2695
1269 1402
1199 2024
40 1562
1457 2610
1617 1977
1119 2284
1928 2178
2341 2476
914 1977
1032 1800
1279 1907
188 2405
2128 2619
1256 2391
2161 2676
897 1481
1063 2657
1345 2671
528 577
2612 2662
271 1232
78 2448
1390 1800
1707 2680
450 1417
408 1835
2487 2537
1608 2352
886 2460
1908 1953
519 2235
1606 1828
1427 2517
566 1205
1048 2077
9 2286
1650 2103
225 738
1438 2291
1065 1123
588 963
568 1638
47 2047
1536 2163
1589 2056
520 2312
1268 2586
1127 1173
765 861
738 2592
287 2691
864 1490
1149 1249
1127 2509
34 813
733 1491
801 2027
80 752
924 2086
89 897
2089 2424
175 2630
1440 1911
998 1420
417 1401
182 608
276 330
24 2277
1538 1641
1598 1951
299 908
2526 2596
1107 2303
1045 2203
101 1786
1288 1353
1143 1330
559 698
1090 1299
194 1881
613 2433
2057 2145
237 1794
29 951
1754 2336
183 1662
140 2045
678 2368
1261 1866
1118 2296
1036 2344
1548 2522
1570 2176
134 542
856 1120
637 1782
488 1041
63 252
1129 1137
208 1367
1695 2587
1933 2391
711 2069
1325 2705
1809 2500
1403 1458
1635 1985
424 773
1971 2177
142 650
1343 1640
718 1039
557 1519
271 448
769 2099
531 2198
313 962
1632 2349
157 272
150 1481
412 1600
1186 1976
2085 2368
716 2176
1231 1387
368 2226
27 2128
742 2078
413 2578
2329 2439
479 825
854 2254
1620 2375
1522 2114
232 2667
485 696
42 229
665 1284
1032 1138
1413 2060
1513 2446
328 1662
1037 1232
502 1418
1233 2610
761 1653
181 2332
1171 1493
485 2167
469 795
2 1249
36 1171
523 704
2112 2527
1253 1557
917 1836
1586 1860
277 1447
782 1673
332 1062
787 1165
1817 2270
96 1415
137 1436
1606 2211
512 1074
7 115
1074 2510
613 1089
1241 1256
1410 1668
2310 2639
1618 2014
737 1186
669 2096
1570 2442
66 655
2057 2134
813 1072
2250 2274
1190 1900
1922 2651
89 2215
1432 2648
214 2193
2581 2683
420 1497
1312 1354
458 1809
987 2675
58 1890
550 1519
1151 2617
388 2517
117 665
847 2177
579 1159
718 1226
1083 2208
478 2519
1287 1917
1068 1382
1780 1784
199 242
1025 1283
113 2332
1603 2490
74 678
1075 1151
1257 1413
1438 1604
1892 2614
307 916
400 2282
891 1083
509 961
1668 1871
510 903
951 2689
1040 2304
36 894
1479 1707
592 2111
795 1628
2471 2608
853 2354
503 1516
295 551
208 533
210 576
1868 2156
198 1370
211 1959
1261 2647
477 1884
497 1131
1176 2172
2620 2625
1184 2531
306 573
2 772
981 1464
936 2364
1016 1162
2000 2489
1867 2347
1011 1140
2375 2635
333 2375
786 2405
480 1670
459 1750
1426 2536
491 990
547 786
904 2370
280 1063
1485 2228
643 2682
570 1965
2451 2533
408 1037
1078 1107
792 1091
1088 1314
45 2219
393 1756
9 1865
1191 2381
323 1668
1089 1616
1066 1407
2506 2545
532 1886
1626 2259
360 697
1774 2670
1482 2582
2139 2245
161 2126
400 1197
406 2407
494 1615
1480 1946
353 385
118 2423
947 1487
1991 2444
398 818
161 996
205 218
140 2028
264 2431
94 1354
1978 2012
41 1057
1027 1343
1308 1684
1096 1232
1297 2312
2258 2356
1095 1809
1024 1974
12 2160
1326 1543
626 2095
2250 2459
133 609
1020 1489
556 1991
737 2139
838 1084
1563 2662
622 2432
784 2053
1453 2397
525 2032
890 2262
1783 2127
878 1230
1082 2287
2014 2694
919 2067
906 1154
1134 2684
1359 1605
54 2302
140 457
575 783
501 1333
487 2374
936 2505
1085 1583
1409 1925
651 2136
969 2532
2182 2211
699 2586
764 866
1077 1348
351 1780
23 510
1475 1599
377 1643
1470 1597
211 2481
1940 1988
2181 2422
74 570
1330 2062
579 933
507 2025
750 1430
2317 2399
189 512
168 204
1768 2179
270 271
25 2460
248 356
1604 2246
663 1212
1796 1972
330 715
905 1673
837 1307
123 2003
293 2000
845 1423
779 1536
1189 2375
704 2225
1004 1024
1928 2487
1741 2283
763 2159
321 916
1602 2649
1769 2630
151 1626
330 891
470 1512
1870 2575
1196 1293
909 1774
1726 2497
68 1390
2267 2530
583 2178
309 874
1428 2194
1114 1758
346 499
1585 2023
1173 2271
1574 2600
589 1544
327 370
953 1516
682 1668
2126 2567
860 2108
315 340
133 669
689 1527
299 2208
642 2200
951 2153
242 2199
53 1012
596 1089
607 2357
1908 2570
609 1045
1672 1918
1446 1819
853 1793
1382 1839
1904 2163
1565 2362
843 2234
21 2227
731 2025
357 1221
324 2298
2016 2561
811 1137
423 2041
1295 1345
249 496
1368 2608
1058 2448
1183 1362
750 2196
359 941
597 1497
540 1445
1786 2348
1135 1299
235 1571
1215 1835
2066 2694
40 1854
895 1679
1499 2519
1264 2245
211 1625
386 2320
560 1608
811 817
555 846
578 2561
1618 1693
592 1741
793 1063
310 2317
1410 1529
1465 1757
30 2610
1163 2080
911 1876
1339 2374
964 1365
1732 2178
936 1573
450 2358
471 1783
1548 2119
651 716
991 1083
437 993
1363 1618
1017 1911
136 2188
1088 1434
1364 1379
922 1219
857 1047
1474 1954
1209 1453
268 880
659 1586
245 1527
1053 1199
1610 2250
670 2628
793 1815
1446 1527
1445 1479
90 2626
386 989
1337 1898
833 1438
541 2063
538 1886
979 2004
1457 1551
802 1575
963 1006
175 2598
1651 1674
260 2471
24 2473
69 1993
100 1458
1896 2588
1035 1065
1214 2485
859 2111
959 1292
25 475
1047 2434
1953 2451
344 442
501 1492
483 2245
1363 2168
533 714
2046 2172
129 857
