1187 1741
1063 2679
365 1540
366 966
421 1651
955 1475
1534 2130
276 1574
25 2136
1187 2169
452 860
1213 2515
528 900
505 3015
538 3080
399 1365
29 645
2024 2677
696 965
419 587
205 338
1161 2082
1904 2066
520 1977
85 290
38 1406
1649 3042
687 2134
378 483
218 568
131 1423
68 1703
230 1054
116 1408
1981 2150
658 961
1270 1581
194 1516
1278 2774
490 1445
1129 3302
293 425
1365 2844
1102 1334
1093 1176
850 1097
214 1088
790 3043
1239 1850
429 1263
982 2176
212 1397
676 720
1578 3185
821 996
1300 2639
497 930
134 1705
375 966
516 2245
909 3044
248 1891
361 1724
105 188
1434 2097
2531 2779
519 521
669 1064
1306 2693
1358 1887
658 1829
165 935
1225 1591
1423 1600
664 2698
303 1580
2003 2137
98 2124
1393 2442
140 1572
1079 1684
1090 1774
1965 3104
1583 2125
1625 2421
767 832
1912 2526
1247 1533
238 2116
423 1074
1660 2461
754 2771
1173 3010
136 1413
375 1615
1758 1767
309 1758
276 1321
499 549
707 2067
571 991
76 208
2105 2120
122 993
965 1331
1703 1736
987 2557
1895 3086
1251 2551
1038 1676
773 3267
954 1254
603 1777
411 1254
1930 1941
536 1298
516 1636
39 700
106 1099
368 2300
723 1112
1508 1750
238 2857
22 130
2097 2600
762 1895
506 2397
286 1274
446 1601
487 815
855 2455
216 2398
585 1765
184 610
1777 2073
2319 2487
1578 2208
658 1204
403 1015
866 2852
633 3080
1881 1986
437 1921
146 754
1900 1955
1386 1627
547 1386
1664 2488
249 1116
304 2364
1187 2851
1000 1619
598 1406
1002 3006
785 1545
37 499
267 362
370 1308
703 2055
1071 2580
457 3236
607 1295
22 389
870 1402
1684 2669
2774 3186
1081 1491
540 994
355 651
1159 1227
230 999
714 1207
242 648
929 2182
1274 3302
123 1892
152 1245
212 293
756 892
164 1889
951 2115
916 983
748 2125
257 898
578 3294
1106 1436
38 1810
1014 1826
169 880
319 2996
665 816
233 1436
1631 1951
1136 2140
1489 2421
1600 1868
331 709
1219 2630
275 2419
859 2019
425 1569
1803 1959
731 2279
1979 2483
391 532
2085 2408
1588 3254
612 2084
330 684
699 2135
68 1678
961 2083
888 1071
384 2479
1732 2668
570 1767
1003 1259
248 1912
391 2589
1282 1409
92 971
1583 2113
460 485
1146 2597
524 1093
441 661
215 417
12 601
724 948
1125 1949
552 1393
216 516
149 378
367 3043
522 1294
1506 2481
874 1370
1335 1746
1108 1821
683 1201
2746 3275
1175 1639
220 321
711 2600
778 1040
1471 1900
702 2655
90 2931
1417 1650
203 1939
650 1011
365 819
811 1805
443 3129
742 1706
241 1924
945 950
829 1490
1251 2025
562 2971
1341 2766
164 1230
1210 2167
76 1319
638 2077
21 2985
334 1877
164 2652
812 2721
714 806
218 2557
417 903
867 2006
1753 1823
292 1616
1580 1898
303 2099
886 3166
457 1093
154 1637
985 2055
707 900
99 2116
62 675
1133 1306
729 2113
451 903
2126 2243
474 2093
1058 1549
875 2001
869 1290
1353 2094
1458 2057
1553 2633
422 2771
100 2514
413 1852
1683 2944
300 558
165 1407
412 2072
747 2856
820 1302
1889 2725
1153 2136
437 1874
271 1734
1773 1943
21 635
249 487
375 1509
494 1927
547 3157
108 1302
1434 3116
1039 1353
362 693
1043 1965
886 1900
1441 1494
1810 2944
401 1287
502 1308
471 1533
509 1854
40 549
1393 1753
509 1678
620 2987
270 1186
424 1572
71 2697
729 1245
10 1554
946 1453
1308 1629
1257 2479
338 2841
1709 2981
579 1210
403 737
101 763
1119 1582
749 1519
288 2317
306 355
345 391
502 1280
1131 2577
799 2483
27 814
815 2624
1355 1367
878 1917
1534 1850
603 1218
581 1691
15 770
2096 2700
2099 2587
123 1900
36 1819
174 573
1062 1322
405 2924
574 1112
83 739
144 2234
549 1271
440 1706
266 1082
606 3275
1136 3263
100 559
283 1409
273 3021
1803 2640
613 1337
394 607
1206 1886
1059 1406
376 2026
83 688
751 2495
1412 1436
1404 1625
1199 2338
1930 1956
42 1935
325 774
1902 3013
85 847
364 2673
1582 2364
330 1930
1244 3166
1239 2171
732 2438
1995 3275
303 2708
1260 1705
820 1326
2149 3112
517 1703
683 3132
1001 2443
564 1319
658 1748
854 999
146 1578
2639 2693
593 1647
982 1660
503 1128
775 1923
454 1573
348 537
389 892
156 2944
1277 1363
505 1236
329 1337
870 1725
1244 3156
98 622
679 1245
1027 1258
1242 1975
1180 2130
952 2329
455 1136
684 2300
421 1771
115 1898
1868 2294
417 1108
384 2439
1730 2962
1856 1917
187 264
380 1661
540 3086
1583 2553
59 822
1161 2300
98 1255
383 386
1922 2267
1385 1589
926 2828
1235 1240
160 190
700 1679
1421 3005
722 1028
346 670
167 479
820 2028
23 1453
174 1817
506 1402
1153 1213
1019 1742
616 1966
322 1171
575 2442
1145 1722
2024 2105
1924 3304
765 3141
2116 2597
1118 2467
1480 2162
515 704
348 797
187 1471
835 1340
854 1295
477 2814
580 1513
464 1370
533 2442
43 1179
87 530
387 1235
2065 2687
1405 2844
1466 1554
1381 2217
1413 2687
759 1678
838 1043
179 3156
1858 1985
649 652
518 956
958 2699
390 520
460 1005
1063 1243
100 1064
585 1926
320 2419
1138 1766
1289 1629
1752 3263
541 623
271 339
390 1956
436 1950
240 1370
976 1978
453 484
1015 2079
533 811
147 282
585 988
348 1333
187 837
632 978
197 1471
96 684
286 829
122 131
532 2712
1175 3208
7 2752
1288 3006
2077 2428
1387 3029
324 556
911 2173
738 1669
825 2402
1700 2447
816 2055
1533 2162
81 2176
555 902
128 1385
90 1201
209 609
280 2670
1807 2321
321 2725
1176 1526
738 855
1294 1310
1943 2642
448 813
982 1655
953 2673
234 1766
403 1679
22 266
18 1880
114 1754
1661 2176
66 318
21 1911
380 1613
1278 2970
375 1600
1304 1613
812 1321
1941 2813
1554 2534
453 843
32 1121
260 2110
1422 3267
1079 1446
168 1864
1185 2113
310 1744
707 724
463 2721
1355 1901
54 1703
1028 1245
471 1651
468 1313
139 1239
193 271
804 2038
1215 1280
1240 2844
161 273
898 1932
991 3094
179 575
647 873
864 3209
847 1251
770 936
96 1569
575 797
1379 2081
196 1450
219 1589
898 2438
387 1166
1407 2515
77 433
1803 1815
597 881
2300 2729
411 887
803 1890
130 1008
444 994
1567 1812
879 2784
2593 2687
1552 2010
289 3094
805 936
477 561
276 1978
753 1259
552 571
303 662
620 3108
1496 1703
333 3297
406 1159
1077 1741
657 1294
585 2057
253 429
1207 1239
422 1765
1704 1898
778 1663
1651 2113
932 1047
731 1306
140 1371
863 3208
89 3210
148 365
219 1977
258 621
1236 1327
1294 1685
2075 2174
25 2044
373 1919
571 1736
1532 1782
413 1766
177 3014
1850 2038
2394 3010
115 1531
368 2215
861 1896
3122 3211
380 1192
941 1930
278 1923
634 1453
889 969
285 723
116 829
1228 2002
769 1427
1782 1943
725 2149
151 3275
1164 1825
1441 2917
359 846
193 1561
166 1773
834 1342
2382 3129
248 485
552 1237
140 706
508 1725
133 338
581 1871
1510 2074
1726 1938
3188 3206
149 1118
1494 1722
324 2647
1007 1776
778 924
108 1042
368 2338
65 3166
2625 2722
109 112
145 564
680 994
1298 2652
394 415
265 714
262 748
713 1634
2052 2417
1192 2111
105 856
999 2515
915 1210
1882 2533
417 1537
1919 2589
677 1170
723 2340
1443 2457
33 565
1251 2283
584 585
345 422
42 2408
225 2167
449 784
314 2864
1368 2841
307 2167
230 1117
1409 1939
146 2184
154 1554
230 2338
249 325
433 640
240 2033
54 2135
635 880
2170 3021
101 1920
1094 1381
172 1134
912 968
692 2409
154 751
2395 2986
903 1852
81 1150
2488 2532
132 2423
573 840
929 1277
472 1766
229 1708
130 622
437 701
851 2844
93 1986
864 2142
735 1340
1406 1632
934 2479
406 450
1276 2428
1640 3160
870 1689
1629 1639
919 1579
1235 1241
492 1710
778 1618
1709 2132
735 1066
540 3275
421 1335
1775 1850
108 114
123 631
637 1728
1020 2319
929 2995
1770 1932
465 735
92 2073
159 2464
68 1328
252 1355
308 1413
380 1943
773 1944
380 688
954 1102
665 2372
894 2910
1730 1735
1126 2745
510 1738
6 2194
475 1619
798 982
52 2402
136 686
634 2515
1295 2098
485 1194
519 1982
586 774
930 2465
1742 1940
35 907
1427 1861
331 473
95 2869
999 1027
975 2130
1877 2585
91 2641
279 521
50 851
79 1084
980 1669
330 607
612 1759
262 684
146 317
104 2005
296 462
3108 3165
392 2100
1847 2294
1328 1387
997 1000
497 1968
1226 1371
921 1458
183 2056
115 1457
261 1531
658 1227
2678 2700
1402 2343
584 1734
1068 3170
1601 2054
1943 3166
187 1296
477 509
271 1216
1702 2126
766 1613
885 1669
186 695
1368 1452
504 3007
272 1953
147 2409
31 1355
189 1118
415 1407
1188 1578
2010 2800
315 3218
1328 1868
1164 1658
668 756
837 1295
339 2395
1639 2375
1043 1741
590 1730
2002 2455
1179 2531
645 1309
380 1572
324 2173
220 767
434 1152
587 1923
111 1806
1613 2051
705 2093
167 243
1125 2161
279 1509
596 1975
2575 2592
842 1727
861 913
817 1342
702 798
262 589
121 816
73 1886
699 1404
173 3218
2096 2859
311 2214
23 1127
92 1826
822 2813
2457 2708
1812 2290
1590 2881
197 948
1042 1274
1853 2400
157 1762
294 2058
658 776
229 2420
932 2035
441 757
900 1752
1185 3141
922 1907
1096 2184
900 2161
605 3186
2343 3188
752 1940
811 1232
1392 3080
782 2859
389 2214
1479 1872
407 561
2931 3007
27 1843
723 955
1198 2526
538 948
1659 1812
1987 2171
577 899
1227 1992
530 1464
611 2290
1719 1931
2050 2407
666 2019
665 2113
243 1120
872 1348
68 1443
665 1115
605 672
184 2800
195 1581
1452 2648
816 1039
1106 1225
531 1283
658 2149
1515 2184
1287 2677
42 435
954 1873
1504 2077
371 566
179 1041
1441 2175
123 1270
234 1208
531 2597
183 976
1341 1766
446 651
486 2640
1504 1567
1043 2417
149 1175
214 1392
314 872
31 718
588 1338
158 3306
427 1426
496 2579
203 435
565 745
258 601
79 2047
265 1285
1242 1303
81 338
803 1110
2146 2851
376 392
690 1995
223 1567
886 3007
370 593
261 3045
924 2002
677 2421
2035 2844
41 794
217 779
296 1628
232 524
601 1043
1509 1519
948 1489
40 682
457 602
219 994
2495 2984
1187 1233
1352 1763
167 2380
539 934
2668 2840
1451 2977
70 1899
1453 2852
94 1704
393 672
417 1303
672 858
205 389
1003 1644
357 2534
239 735
627 1455
578 2401
633 1329
243 730
249 1115
771 887
397 1062
700 1579
161 227
31 1480
422 759
171 1724
1087 1159
801 968
164 804
190 1538
651 2100
612 1703
172 787
398 2483
724 1684
1198 2986
664 2036
907 954
889 1404
755 2362
596 2093
10 177
452 599
1665 3256
112 1132
1895 2343
294 412
33 522
1285 3237
347 2515
17 874
2003 2625
89 2169
59 219
1985 2592
17 1387
10 826
1018 3268
1359 2060
597 1170
110 1881
916 2800
30 213
745 1124
1719 1843
1868 2791
921 1339
696 1461
1727 1775
655 1730
995 1041
281 1759
1879 2058
204 3236
190 1323
733 2078
1719 3007
243 1058
262 1217
1424 1636
1762 2171
40 1663
953 1900
1007 2796
1295 1991
706 1999
858 2774
506 954
284 906
157 1442
1031 2097
1773 1819
1334 1501
604 948
417 1142
1649 2120
405 508
1301 1537
1003 1294
319 925
303 2317
1221 1325
353 3229
45 966
711 1494
50 1970
2071 2439
1235 1423
629 1828
1881 2658
150 868
1865 2009
1643 1941
288 1960
518 1475
130 369
724 850
1810 1875
85 1951
1292 2203
1358 3042
37 1634
470 1752
1847 2214
195 1004
170 571
2208 2840
285 991
45 2416
986 1302
1515 2112
1090 3022
1383 1965
1315 1451
455 696
956 2388
1019 2397
264 909
171 1004
367 1767
750 3124
894 1638
192 415
338 1854
214 1273
367 1901
303 695
46 2869
1668 1759
139 780
108 2448
84 1455
564 1144
794 1271
31 2986
2293 2732
181 1553
2722 2846
440 804
277 571
523 1973
797 1206
374 379
787 1788
416 1454
857 1530
184 1708
1591 3209
1219 1912
205 486
616 669
1204 2277
82 901
1259 1452
289 2032
319 994
387 487
927 1534
29 1366
1173 2042
753 971
217 3044
821 2261
624 2856
1010 1676
280 1310
1428 1482
534 2037
2587 3014
28 1453
461 2341
93 2009
203 3206
442 559
1572 2211
887 1187
1920 2647
2666 3297
601 739
399 618
851 1650
407 1734
1817 3045
214 1015
24 2466
1870 2533
79 2624
729 3254
859 1918
859 1625
548 2423
47 463
2214 2254
84 877
536 557
59 983
81 2047
588 3041
98 941
1263 2866
1679 2203
326 382
1508 3041
1299 1991
1277 3187
1186 3167
1662 1980
582 1340
154 492
640 3302
811 1590
597 2981
688 1636
242 3022
614 2173
722 2050
1684 2152
237 2944
449 603
980 1520
1678 1874
133 635
512 960
98 276
1027 1153
1590 3184
1226 1280
221 913
1013 1817
1145 1999
1063 1365
1274 1765
1388 2058
1874 1949
61 703
574 2677
28 1822
131 876
294 656
1044 2283
174 1920
368 921
231 2036
22 683
501 607
679 1088
683 1812
182 1407
408 708
915 1775
770 802
326 766
523 2014
352 1004
1987 2174
563 3026
1870 2120
1563 2100
2 2136
240 583
934 1703
851 1000
13 1778
442 472
594 1329
629 1744
76 102
133 983
678 1950
1841 1918
324 1525
598 2704
25 1011
374 402
576 712
1956 2630
146 3043
219 1628
280 1071
1069 1886
185 3170
78 759
763 2869
664 805
1853 3094
222 3112
1040 3124
594 606
1712 2766
856 2243
306 1810
774 1008
676 1740
213 1824
1832 3029
1902 2572
1519 1823
502 645
878 3185
511 2408
390 2116
1040 1043
180 1139
435 463
177 1113
1451 2852
1480 1745
53 171
915 1772
493 2161
92 965
20 427
752 3167
605 2002
550 892
198 1743
361 2158
1137 1397
1181 1737
410 428
1123 3269
29 1210
127 2840
126 1951
669 1894
688 1276
268 1627
68 2106
1219 1740
418 581
1397 3245
1375 1767
1501 2416
568 3306
1245 2796
83 694
830 1489
585 945
1718 2111
261 1043
374 738
202 563
305 1538
409 1060
274 685
305 2944
66 1004
274 761
362 2857
853 1981
885 1446
300 2019
369 1939
551 2000
284 1248
159 1906
399 1985
881 1225
580 975
666 2721
673 676
313 376
1260 2669
1480 2065
1652 1881
478 1061
296 339
205 2002
789 2341
263 3186
611 2279
172 1903
135 1317
16 410
313 598
844 1922
27 104
679 2120
362 1134
1445 3302
760 1384
392 796
2861 2996
139 2457
41 463
747 921
846 1424
1051 2481
21 831
1108 1206
235 2442
301 1631
1898 2132
2267 2382
656 865
145 1955
1494 1762
601 1407
261 1563
1326 2439
303 2054
284 3254
595 1392
288 3104
208 1887
1011 1790
695 894
1303 2152
428 3186
1009 1897
1342 2002
225 839
634 1514
281 378
789 2980
1625 1699
1043 2980
1749 2395
1488 1888
1823 2420
815 2010
2214 3086
1328 1921
497 2073
349 548
740 1774
250 2294
241 2592
354 2245
806 926
975 1337
742 754
643 1381
355 1706
295 1946
430 1655
126 1543
1980 3094
576 1410
145 546
608 676
811 934
1355 2402
377 923
587 2771
760 1244
868 1127
2534 2700
557 3007
289 1802
1126 1938
266 2971
981 1643
730 1685
675 1220
326 921
1331 1627
58 98
1039 1776
521 716
261 2000
849 866
829 1865
488 3185
1145 1406
1294 3166
1481 2093
1742 2027
1453 2168
539 715
240 2828
672 1337
2208 2398
1175 2729
1022 1190
673 718
83 2072
979 2170
1804 1808
642 3022
366 506
339 340
427 1935
54 185
718 2693
136 3041
839 1705
287 2856
1859 2722
492 559
65 2721
2577 3218
436 1086
275 1215
812 2841
988 1115
536 1413
1191 2846
688 1176
402 2397
2409 3131
436 2435
782 1632
933 3116
945 1585
362 2624
84 3145
2120 2917
406 1900
1569 2462
950 1884
1072 1719
93 1319
652 2920
1445 3016
518 1259
259 3210
406 1288
1131 1229
958 2345
1306 3121
360 3131
126 3210
563 2034
1300 1391
175 1425
407 1815
27 1461
346 1534
599 1707
86 1508
26 1985
1599 2467
82 298
2112 2158
774 2409
844 1741
279 1990
853 2105
1328 2112
696 1182
27 1239
139 1187
581 2796
1509 2112
144 1181
396 2038
57 740
202 1144
248 2585
1462 3229
1810 2096
980 1175
1117 1180
150 1944
1180 1270
463 1237
1042 2560
191 1216
385 804
99 416
1108 1669
1527 1867
1145 1236
196 2754
289 1089
259 2721
100 1310
602 827
377 1257
28 1164
475 2362
425 969
657 1591
1522 2529
1861 1904
878 3184
1823 2971
371 1020
433 1130
1217 2075
210 277
941 1242
515 3049
217 1277
1221 1904
2874 3123
65 2448
844 1420
371 1719
756 846
1062 1758
1331 2589
1080 1133
1063 1424
599 948
275 2094
540 2006
546 1180
1903 2176
1479 3079
264 1177
1334 1361
1388 3124
318 488
454 3297
860 1140
319 2985
1040 3013
835 1864
616 1732
384 1019
260 1664
269 981
88 1580
488 553
975 3108
201 609
410 1770
1871 2641
8 517
617 1635
794 878
479 1009
712 2076
224 725
38 2048
722 1089
825 1160
358 887
382 433
506 526
1702 1872
330 606
432 1125
1116 2766
898 2531
1513 1874
937 942
510 1851
211 2136
343 2049
370 403
1802 1819
1310 1746
12 1820
319 1195
1266 2464
1456 2743
295 634
705 1239
1145 3141
113 703
465 1357
1206 1285
64 649
617 1706
798 2161
691 1071
1610 2073
276 1843
1185 2652
389 960
43 680
1090 1216
632 1048
788 2687
89 2222
665 811
817 2795
375 3080
53 1911
970 2428
840 1310
405 2640
431 538
837 2585
1125 1240
900 1420
157 2641
190 1266
524 769
1375 1970
437 1741
1820 2372
1030 2721
997 1042
563 1919
175 1186
126 1684
386 2184
1247 1961
512 1016
1185 1711
1368 2104
147 1308
415 1623
683 1686
401 1155
52 1257
378 1054
1778 2234
510 2067
305 1233
163 531
215 1867
258 2317
1819 1967
898 908
450 1899
722 1807
383 1131
39 673
1340 1637
389 1627
1765 3022
99 3306
1002 1815
352 2293
962 2000
48 558
322 2722
318 1860
1273 2098
321 2655
2920 3081
518 1231
975 1627
1669 2510
988 2097
2001 3192
511 1588
699 784
603 1628
1513 2050
933 1773
707 2362
864 1823
1088 1728
800 1107
1352 1982
1725 2981
101 524
294 2276
51 1881
1354 3160
86 1662
173 444
1344 1418
53 1922
861 1013
625 1956
579 1219
1004 1020
584 3080
591 636
285 2652
50 2827
262 614
546 1120
1656 2600
1392 1798
706 1490
427 1884
2052 2172
530 828
601 1882
149 321
380 1889
875 1491
1254 2079
77 774
102 1508
375 1670
1300 1763
451 842
2003 2321
408 1728
64 1496
414 1377
2106 2985
1999 2104
377 1788
1623 1851
1016 1772
1880 2859
201 1977
379 875
167 248
336 2142
1729 1774
957 1392
78 2996
1658 2722
481 2283
948 2641
688 2423
835 897
876 2119
406 1737
148 2094
339 1461
403 1854
1453 1865
107 3049
1241 1466
1159 2580
487 1891
520 907
23 179
881 2977
463 665
1263 1529
758 1990
1288 2409
2435 3009
1054 1656
693 1805
232 470
6 1317
631 1632
1053 1144
621 2027
1584 2529
193 818
58 2059
575 886
694 964
111 319
702 1930
1312 1627
1479 1885
1217 1589
742 1417
200 902
139 383
550 978
1176 1451
1015 1228
617 1217
445 1754
507 2222
1901 2056
551 2097
48 1299
388 1680
637 2140
18 1434
1106 2532
1529 1775
270 2984
1734 3041
1119 2361
268 1176
352 2650
1339 1763
846 1733
635 1051
250 892
926 1662
451 457
802 1201
621 840
563 2828
700 2014
739 1180
79 474
782 1377
1032 1148
292 2006
199 725
1265 2447
1340 1870
977 1410
1794 2827
947 1906
1718 2293
1402 2074
550 1500
1236 2442
774 1458
89 1235
111 888
258 1083
689 1741
209 1164
841 1365
475 642
195 961
1103 2841
786 1068
409 1308
461 874
611 837
1146 2592
164 3229
581 1885
393 871
1512 1717
707 1185
252 3292
1628 2283
1015 1534
1348 2791
289 2917
1998 3116
1411 3268
978 1405
212 931
1283 2851
387 1745
449 1519
588 1702
978 1141
925 1232
233 366
396 2795
1636 2920
775 1402
1512 2774
839 1951
1002 2725
287 1066
122 801
878 2300
531 1377
1224 2861
57 1488
1711 2076
1349 1544
1684 1735
384 1443
1990 2243
2032 2895
1826 2033
181 204
397 828
793 2774
1618 2467
1004 1361
2003 2931
433 463
180 2488
232 1748
1629 2910
847 2119
453 781
900 1527
643 826
464 1160
128 1754
1459 1946
904 2679
151 762
264 840
2116 2624
87 1853
313 1030
12 106
875 1088
253 1716
1087 2170
339 739
410 687
663 1028
297 1146
159 2698
260 773
354 1609
169 1465
1772 2107
313 934
1860 3175
2428 3026
1481 1889
62 445
900 2487
520 909
1128 1730
472 2267
133 1684
1490 1627
2352 2944
1125 2053
571 2151
288 756
30 177
520 1155
131 402
870 1413
452 747
982 2150
1647 3043
234 1353
1408 2362
1980 2004
1466 2123
1374 2111
2746 3094
1716 3145
576 2032
43 1211
686 1610
1368 1662
641 1777
2237 2491
1148 1685
1353 3045
439 1476
207 1283
1470 1798
606 1355
1006 1087
2151 2779
214 296
299 1402
707 1013
542 2394
218 1798
1770 1912
11 1099
1289 1623
189 1213
539 818
1488 2981
1569 2146
383 1420
1092 1608
6 138
562 563
1159 1504
561 605
221 1432
305 1724
2025 2647
498 3129
140 188
238 2581
23 1851
1027 1821
587 1540
440 1637
1491 2170
88 416
424 2796
839 1180
540 879
2766 3086
440 1582
534 1840
314 1980
528 1689
2630 3016
1859 2340
119 1268
1119 1287
916 917
205 1333
319 2200
86 1413
1149 2049
1235 1633
279 402
593 1315
1287 1894
1149 1727
1368 2448
307 2134
326 485
127 281
86 2743
355 1331
163 2481
2944 3208
173 2151
269 2158
838 1069
710 740
470 2977
110 159
101 2166
377 3141
1266 3122
871 2722
644 2158
527 2027
198 1480
555 2698
274 1042
351 1525
83 1148
1226 1897
1537 3306
861 3043
1661 2028
1266 2647
2126 2407
655 1236
1655 3042
676 2174
780 1875
109 840
433 1133
247 1019
110 2553
345 715
1040 3294
345 951
82 2150
550 1815
215 991
82 909
184 997
57 3253
140 294
1471 2254
1599 2729
325 1979
361 1995
1436 3166
188 1887
166 561
760 2267
919 3005
574 2184
533 1239
1489 1868
57 2375
523 1019
419 1540
634 1605
80 2962
1458 1847
1052 2345
558 858
815 1539
678 702
1886 2483
1103 2488
943 1810
557 2652
887 3005
119 2072
376 1996
552 2019
1407 2980
415 435
773 1230
1680 2132
1377 2579
347 3129
20 2294
817 2338
580 752
489 1074
680 3170
1031 1435
1821 2160
879 1592
434 937
622 1138
649 1204
12 887
76 148
813 2745
37 958
61 349
556 1798
627 1781
286 833
20 2679
568 2267
844 3268
166 566
814 1999
662 1462
850 3131
77 2049
504 1038
463 674
694 775
701 1239
89 667
1881 2397
208 1450
547 706
582 888
1579 1778
432 2532
279 1195
513 1919
1381 2652
586 861
122 1522
460 1777
366 2291
1583 2119
1246 2666
283 678
199 1090
922 2042
175 1302
781 1129
606 1734
1540 2060
1512 2895
156 1907
345 1308
225 1708
508 2106
1442 1532
171 1870
454 1091
903 947
1175 2149
977 1331
1724 2428
68 294
983 1981
1301 1533
406 503
1142 1445
995 2133
227 377
2987 2996
2050 3141
1926 2970
45 90
366 3010
1334 1350
955 970
1734 2211
881 2655
172 1169
590 1160
131 1407
107 924
966 1079
960 1082
536 1010
569 1949
374 1194
687 2722
643 1421
696 887
395 2011
87 1759
108 1555
96 195
1555 1982
1977 2013
724 2028
839 1082
570 1180
775 1160
977 3005
630 1121
692 780
365 407
956 2987
103 941
330 1125
264 2456
1058 1196
1553 3208
94 247
1041 1265
224 2104
881 3236
879 1329
63 1053
148 2215
1138 3165
47 641
723 1426
331 833
463 1980
836 3080
1099 1185
1911 2096
1170 1230
663 2585
416 2010
745 1932
420 664
175 2456
1891 2073
1123 1846
1858 2722
2365 2416
1096 2107
503 2581
471 2687
89 2699
324 365
1236 1393
154 821
1587 3163
258 1107
1301 1466
921 2704
1520 2172
183 2624
1561 2732
1997 2417
962 1907
4 553
617 1454
80 1363
1490 1925
1019 1501
385 1649
1295 2575
11 1180
982 1844
337 1481
391 1031
596 1221
747 1635
103 574
47 533
59 3170
1178 1435
381 2678
164 1967
2054 2988
238 1797
1306 1722
197 1741
603 958
425 1066
511 1912
775 2698
55 631
1668 2044
932 3029
647 2158
327 854
2708 3129
2642 2924
965 1418
589 2026
1383 3108
1437 1583
281 1531
392 438
215 807
1911 1965
279 532
730 2571
1259 1291
2133 2430
508 1177
393 1904
1352 1875
279 1432
1191 1644
746 3218
795 1235
110 361
162 834
191 637
2840 3184
795 1507
579 3184
858 3009
94 700
1442 1491
494 661
52 694
349 1969
606 807
1978 3141
1176 1610
1459 1995
1901 2428
401 556
304 477
306 1194
1510 1662
61 1616
983 1767
675 698
1736 1802
1241 1555
280 2036
59 993
834 2000
254 2052
271 1142
91 815
247 1965
208 1519
1158 1254
115 1006
292 1454
377 2704
751 862
123 1237
40 2448
505 773
766 1097
402 953
1041 2293
788 2844
36 766
149 2194
965 1422
79 2044
610 1931
1379 1992
468 2986
359 1981
575 1027
580 2120
2652 2741
822 925
277 1103
1610 2775
841 1600
867 2647
695 771
45 1587
2766 3145
1821 1859
40 254
1722 2140
1248 1489
198 2098
949 2483
202 204
379 1280
1349 1956
557 1064
569 1058
816 1744
367 2693
133 1599
146 897
1329 1903
646 770
70 2065
136 624
886 2856
160 3094
445 537
854 2025
1481 2243
725 2362
394 1366
436 703
96 192
709 1191
279 534
25 653
565 1897
701 842
2115 3259
7 1578
814 1374
622 2160
87 394
617 1414
194 2172
1094 3186
1112 2925
378 1512
1161 1917
1508 3131
1339 2049
214 2097
2006 3185
403 812
907 2650
21 1628
1225 1901
799 2300
787 823
842 1094
530 2078
1874 2119
892 1039
268 1707
1543 1969
222 2693
205 1040
324 340
1736 2580
912 2531
650 694
1094 2925
1260 2481
584 642
830 3041
194 1778
2160 2593
159 1249
375 785
285 3049
555 968
727 2534
167 686
1433 1934
2065 2472
1620 2092
247 1355
196 1359
59 1350
201 1263
605 1805
494 719
259 2529
113 1437
2438 2673
611 627
261 2666
1696 1700
1094 1925
102 760
1437 2986
1639 1966
301 843
1327 1569
551 629
494 1823
1308 2597
751 1590
593 758
588 893
22 1759
475 1820
295 358
380 2977
967 2055
1018 2811
111 514
223 572
1074 1303
2050 2624
48 1063
1277 2267
1003 2462
117 256
879 1005
1555 2864
84 1215
413 2402
1334 1913
677 3125
1188 1335
24 179
280 976
93 271
956 1127
354 1763
1674 2910
1525 2986
371 3094
560 1655
1544 1805
2419 2740
815 1750
41 531
629 1865
153 526
1685 2572
1413 2082
849 2099
836 2364
2708 2865
414 1420
356 1371
499 915
941 1851
197 1326
1387 2731
2005 2083
1684 1689
876 1031
1216 1661
592 2294
925 2881
159 857
299 2053
1240 1375
685 729
968 1864
1584 1587
92 653
803 2633
505 843
1387 2343
922 1821
2980 2981
645 1317
1489 2027
575 828
1385 1770
630 1734
1353 1422
1097 1996
507 2083
93 1271
517 1615
92 826
405 1247
1101 2699
101 2077
413 2078
1334 2859
1608 1887
744 785
220 1255
1321 2671
265 1507
651 1840
681 1752
434 2352
1054 1708
410 2329
501 2430
93 1807
342 1188
557 709
16 2211
559 1086
2321 2624
1247 1526
132 439
952 2137
1064 1924
177 571
1526 1892
256 2532
225 1041
360 3014
634 1177
19 285
428 2284
92 456
935 1422
297 1263
497 1702
737 2078
907 1802
307 1422
406 1393
665 2098
2237 2800
203 1681
20 428
275 307
755 791
1703 2531
879 2067
952 1062
687 2283
1853 3273
608 2510
208 1031
618 3211
357 1125
431 695
728 1798
265 2869
532 1197
1283 2234
964 1451
563 1961
1241 3245
601 2442
1805 1892
1555 1798
403 2438
1040 2465
1001 1451
1953 2540
136 601
219 1161
86 1766
985 1096
497 1410
643 825
1951 3287
798 2987
145 1802
247 343
150 1613
1790 2365
969 1273
799 3043
83 2852
247 395
1955 2110
1610 1900
1730 2857
765 2042
522 2488
301 642
479 1408
618 2986
989 1856
48 2067
257 1739
747 1856
709 1094
103 1637
950 3185
1424 1938
810 1777
971 1441
687 848
101 854
1381 1925
1326 2106
1822 2372
112 2725
1423 2383
1495 2987
330 826
1110 2679
1454 2329
953 2152
315 683
1551 1940
1360 3022
400 1334
289 1115
488 2152
1561 2442
1696 3294
664 707
863 2461
531 2072
625 1251
663 1323
1495 2319
321 645
653 1215
460 1397
561 2065
283 2124
161 2009
188 450
607 818
554 1386
1125 2743
743 2032
1225 1601
78 532
588 1930
445 1228
724 1289
1417 2321
487 1436
120 1890
2149 2439
1191 1652
500 538
1233 1895
42 954
281 2698
1250 3160
99 1414
211 510
401 476
1201 1453
461 2200
119 1668
2455 3160
1471 2317
2042 3123
331 985
873 2859
1732 1927
908 1176
163 1644
115 761
1394 1829
1123 1709
2078 3042
21 1210
793 2317
1009 1709
521 2035
17 1042
541 2047
1367 2560
1975 3080
1221 1315
926 1442
912 1940
552 2624
866 1903
901 1265
1634 2129
788 1257
552 676
99 316
10 1259
245 2630
130 297
61 1730
1133 1148
469 1906
745 1865
389 512
3044 3267
1404 1488
237 386
168 471
50 566
617 2858
558 997
382 1522
1555 1847
409 1377
1379 2067
1064 1370
304 2113
642 1244
522 1313
1270 1344
219 523
522 2013
1355 2532
259 1459
1823 2594
1453 1573
673 1170
90 365
239 1877
409 641
1475 3123
968 1377
563 865
2006 2700
2055 2852
1179 1639
1402 1587
326 497
269 1007
855 1258
181 1841
1525 3125
1803 1902
101 695
902 1182
596 3294
1541 1862
908 2174
1283 2592
712 735
570 3235
1894 2448
688 696
26 1703
354 675
1355 2704
82 1368
301 589
327 1360
517 1228
1885 1949
705 1245
1708 2800
1411 3125
766 961
236 505
1229 3175
1040 1778
193 409
1321 3185
179 234
2085 2203
307 788
8 2917
1383 2732
382 3269
1099 1247
647 970
361 1103
395 1280
331 2105
1206 3292
452 1195
1573 2083
682 2279
1551 2081
2096 2383
391 767
409 761
309 1322
1767 3108
605 1526
1031 2430
379 1313
1719 1904
805 1187
1849 3007
295 593
134 647
554 871
264 1959
2122 3159
2593 3236
1660 3005
187 1817
167 800
70 2035
1686 1753
996 1931
257 1247
1977 2345
794 956
1446 1995
2085 2647
105 564
1032 1828
141 800
435 443
160 189
784 885
305 1398
703 2100
1651 2116
40 899
178 2340
1301 1394
2135 2291
138 195
989 1309
106 2917
954 1082
703 3297
670 1229
510 3145
81 2073
429 1250
1251 2687
1392 3292
820 2214
826 1164
561 1348
49 1540
1977 3124
1266 2841
130 706
2065 2329
1514 1861
270 688
571 1867
1266 1797
664 2142
83 1002
893 1879
604 1662
1198 2004
355 405
222 609
98 2072
1411 3006
2531 3297
1530 1610
40 3105
1323 1986
204 1222
904 2584
1245 1512
1077 2693
292 1020
311 663
861 944
663 787
691 765
1113 2214
93 223
804 2571
328 2557
248 2125
1092 2892
378 1727
390 569
1479 1902
1656 2408
632 810
801 1982
1519 1658
1819 3154
1158 1788
592 696
78 1807
753 1295
664 2348
1825 2372
476 1304
400 1289
657 1803
1512 1754
329 673
1148 2752
369 684
304 1699
760 1239
785 1587
110 830
605 1410
173 1413
31 463
1713 2813
764 966
551 3292
679 2408
106 838
602 1651
985 1481
2077 2659
1016 2580
1308 1793
491 2006
51 303
63 260
1740 1875
1386 1651
1062 2394
1340 1980
1097 1221
360 2033
1673 2828
308 1892
24 228
495 2329
468 3022
840 2025
521 674
396 2129
310 512
663 1358
350 3160
878 991
1734 2430
538 1096
401 2532
1996 2076
1059 1124
2572 2931
233 816
1355 3209
253 1435
1620 2169
26 1583
618 2546
71 325
660 3160
843 1254
742 1358
497 3129
1231 2074
977 1608
205 1231
631 1466
1133 3029
649 2739
2488 2577
393 692
558 1665
1569 1746
89 2466
340 919
1788 1902
1585 3041
195 1987
662 1394
610 2732
300 1861
36 1277
714 2277
220 477
960 1959
215 598
689 2600
2669 2840
252 1919
747 2841
99 126
484 2739
23 1526
131 937
706 3022
728 1377
493 2131
282 1344
1125 1500
830 1470
1953 2111
136 3259
178 422
799 1007
1068 3292
451 1969
179 1968
47 3086
329 1699
182 767
839 1977
1638 1961
2120 3185
1188 1902
497 842
28 1913
2024 2670
1278 1372
171 1084
2175 2466
776 1918
521 713
1678 1953
316 1891
1129 1890
103 1435
322 2725
552 897
309 1852
1748 2551
1526 1613
695 794
1841 3302
1041 1822
375 2858
415 820
1481 1555
563 925
543 1213
232 2670
1898 2729
1615 2005
304 1345
419 1810
84 2479
587 1510
18 376
593 722
1921 1965
46 158
1413 1896
1721 1843
655 1582
950 2950
52 953
