1118 2157
92 1471
46 499
512 1352
150 289
671 918
326 1870
248 622
751 1393
410 1389
90 1427
1679 2347
1103 2642
1624 2178
680 1530
71 1084
1275 1851
1651 1672
2003 2454
268 1669
122 2407
1253 2305
733 796
214 1213
13 449
1576 2559
1918 2001
1054 1177
979 2297
96 646
1138 2112
274 932
280 574
715 2688
1689 1959
1205 1660
712 1639
127 314
1019 1812
1912 2555
1701 2304
5 1800
2053 2613
1015 2554
268 981
1609 2533
1366 1975
1655 2644
1759 2035
1642 2509
1069 1657
1154 1578
643 2452
36 957
290 580
1784 2580
587 2375
358 1056
572 1349
635 2453
1476 1735
1149 1658
532 908
200 2161
1795 2449
1928 2225
49 1184
548 1572
1028 1228
734 2708
469 2047
2243 2568
843 1513
614 1463
2176 2317
828 1800
97 1108
448 1025
2211 2321
581 1509
1275 1485
691 820
180 1238
2284 2353
756 1466
1251 1842
466 706
1631 1707
1209 1235
778 1821
622 1955
1655 2266
626 1658
524 1212
397 1291
94 656
793 1233
161 357
5 1899
1967 2657
2220 2226
1555 2187
245 1310
1830 2016
484 2361
745 2046
1477 1522
845 1629
828 1226
559 592
606 1952
1175 2080
1191 1536
937 2474
1450 1619
1116 1966
1884 2493
1873 2259
566 1354
1291 1600
2201 2284
753 2050
889 1482
1479 2260
392 987
2013 2503
1319 2391
968 2581
697 2530
600 1005
2090 2138
1321 1641
1808 1889
1136 1656
1945 2410
240 2093
1057 1379
2319 2322
796 1832
1464 1886
130 1817
449 2307
826 1088
1533 1651
1011 1934
1232 2459
1197 2063
614 931
976 1520
1115 1380
567 2395
503 551
2015 2167
1168 2404
17 1047
1037 1462
202 1692
592 1699
305 2427
761 2705
373 1657
1419 2018
1624 2476
1695 2575
815 2255
52 723
52 2238
2410 2560
754 2308
1313 2384
1413 2364
56 858
205 1981
83 526
1409 1478
1538 2646
1639 2660
155 2099
73 931
426 2703
960 2609
220 655
547 1410
363 596
1403 1583
782 2355
2087 2337
779 2035
622 2382
240 2445
1677 2349
705 1189
600 2373
1952 2197
654 2322
1105 1116
449 607
520 1915
191 2690
270 272
85 94
2037 2230
2544 2608
13 1519
971 1190
740 873
1958 2330
676 2566
2027 2232
330 2523
176 293
658 877
417 1834
165 946
1457 1983
928 1743
1783 2593
721 1814
389 702
1068 2626
285 363
43 2537
851 1310
289 844
187 236
667 1536
693 944
57 2321
234 959
361 853
806 1363
525 1155
182 705
1495 2270
1796 2244
456 2294
1467 1967
827 2259
1220 1340
938 1734
1078 1819
46 558
68 1913
1539 2421
1877 2523
609 1348
519 2180
917 2410
8 2409
1846 2077
1148 2033
291 347
1952 2141
2227 2377
845 2362
863 1248
1419 1914
210 2245
942 1744
349 1604
802 927
322 1091
588 1948
781 1615
754 2377
1158 2682
1310 2530
1191 1558
1091 1203
1028 1638
307 851
933 1227
210 1784
1906 2594
531 914
745 2175
941 1530
635 1979
327 2673
1845 2257
562 2689
1232 1556
44 2000
824 2378
1342 1816
424 2686
753 1471
468 2355
693 1451
436 2000
304 1596
1786 2651
35 765
1324 2006
1199 2204
2124 2142
13 1880
1894 2548
2144 2647
66 2249
557 1450
667 760
833 1255
280 2096
988 2512
763 963
1676 2246
739 746
1186 1800
392 695
295 827
268 2400
244 2684
353 2281
1063 1567
107 2696
293 1325
441 2209
1703 2441
1729 2587
234 290
548 1202
1018 1159
2148 2321
1927 2117
1632 1754
750 1468
909 2054
252 1122
1259 1420
1418 2384
474 869
1912 2090
2016 2667
1519 2015
675 1596
986 1851
144 1567
499 2303
898 956
1402 1569
128 2093
1184 2567
164 216
80 2618
1018 1073
677 2207
1171 1175
1291 2305
345 753
2094 2124
1325 2129
1816 1894
701 1317
101 2227
38 2354
353 1443
876 1867
672 951
823 1024
579 2643
1420 2614
989 1385
1035 2706
1286 2084
404 2530
2266 2690
7 613
541 1153
721 1884
262 1759
831 1104
929 2291
1540 1913
925 1029
101 1607
442 1681
96 460
167 891
547 898
299 2218
1453 2421
1443 2009
1686 2328
1500 2241
894 2330
473 2043
704 2183
861 1357
1347 2390
240 1726
73 2451
46 1584
820 1050
193 721
467 1420
372 1317
548 1929
387 842
2381 2460
200 2266
154 1891
2218 2569
385 1183
1471 2429
657 2294
1475 1905
560 723
40 699
328 2130
744 1929
636 2648
206 340
1062 1175
292 424
554 1156
991 2691
1587 2274
1691 1972
163 432
446 2367
2133 2232
407 628
641 1569
1711 1842
2098 2688
1297 1750
2424 2706
1235 2158
1565 2146
1380 1848
611 2639
1156 1257
243 511
678 1755
125 491
486 1345
1273 2050
622 1595
1565 2063
1132 2243
1471 1783
295 1079
1488 1519
370 2527
1237 1252
1015 1756
1909 2084
270 2223
234 1652
189 1623
279 2646
1410 1429
75 103
213 878
614 638
383 1333
776 1032
911 2114
1199 2260
318 723
1135 1742
1863 2338
2126 2133
256 2349
1234 2052
1312 1694
990 1986
1078 2628
536 939
275 701
636 1791
294 588
631 1326
1389 1419
1187 2604
1446 1517
2424 2688
859 1126
1927 2247
755 2045
288 1880
1400 1742
328 1134
904 1232
338 2542
116 737
1834 2302
176 2221
297 1452
1980 2367
375 1762
182 1006
584 764
779 1154
1623 2644
664 2571
1684 2279
608 875
57 2340
1423 1958
1210 1791
881 2134
2358 2415
835 2708
576 712
840 1339
1738 2484
650 2652
2125 2599
1877 1897
344 891
678 2025
883 1779
922 1358
1151 1213
1536 2540
1190 2559
589 2558
378 2339
149 1368
1100 1604
6 2279
482 2307
958 1047
377 2556
690 2435
2241 2526
301 1077
1118 1912
1095 1511
568 835
1983 2346
1115 2000
172 894
894 2109
683 1205
110 675
1216 1483
175 1825
1820 2138
109 2675
15 1567
1124 2233
228 574
223 2087
401 2421
856 1604
895 1319
1531 1567
1208 1345
967 2484
1591 1773
999 1329
1441 1470
848 1374
265 1173
450 2564
1163 2007
2032 2536
36 1647
1681 2395
258 1183
1776 1802
1578 2623
173 1877
203 2449
1536 1548
53 276
1617 2567
2352 2552
418 555
961 2401
855 2077
768 1033
280 2123
545 2377
948 1717
369 2323
151 964
671 1140
78 945
902 2421
1362 2051
1255 1991
446 990
1343 1466
1131 1621
1188 1841
774 2102
420 631
722 1377
418 616
141 1447
924 1816
799 1804
621 2166
307 1270
414 1298
663 2044
767 1876
2353 2354
1911 2618
124 2467
728 2175
498 2223
729 1450
583 1490
755 1386
1141 1636
1615 2103
296 2476
806 1268
1300 2053
541 1292
328 1698
453 1879
45 2496
466 2046
1189 1293
194 1927
867 2053
1058 1657
353 2634
2086 2276
14 15
2073 2173
630 1428
2200 2479
1075 1119
1400 2310
884 2523
1339 1706
1774 2417
716 2448
1147 2360
263 705
835 2004
844 1734
1311 2455
571 865
660 1768
696 2141
353 2434
1192 1900
1033 1134
1079 1869
959 1411
32 2389
950 1273
503 1237
1029 1623
1069 1527
61 1210
1291 1969
2081 2153
849 1835
729 1098
1064 1270
944 991
894 2484
1926 2175
451 2475
69 114
377 1597
1922 2435
1686 1844
392 2039
513 1870
901 1878
988 2620
482 2085
459 1785
518 1116
86 2327
202 807
463 2618
184 2485
1551 1969
1150 2440
169 469
525 1058
152 683
111 2337
1830 2637
281 983
406 652
541 2230
1454 2583
1934 2018
25 777
738 1574
1074 2119
2115 2652
1006 1817
1711 2230
735 2132
685 1020
444 1142
1387 2593
1876 2179
718 927
735 2635
1873 2217
805 2231
1646 1877
2136 2220
1868 2268
645 2578
1293 1417
404 436
1245 2050
1104 1250
122 1833
1757 2643
817 2384
737 2103
9 624
696 766
99 2400
1251 1860
178 894
760 2301
1116 1118
786 1974
1784 2364
1446 1516
1341 1783
1854 1890
724 928
1417 2605
1756 2689
28 508
540 2696
329 2567
1489 2458
1583 2409
326 960
162 2559
742 2417
237 814
1022 1798
1011 1822
2372 2510
1742 2549
206 2570
486 1909
1697 2680
34 751
1624 2223
1137 2466
91 1440
110 1357
1213 1735
1139 2380
2095 2578
791 2582
1952 2130
1136 1789
1808 1879
162 320
793 1276
1010 2023
1282 1311
585 2647
901 2374
235 1773
929 2163
693 2075
1566 2124
1622 2448
1555 2588
447 2007
1462 1995
1349 1740
1394 2254
927 2419
2210 2563
1628 2272
1028 2196
913 2567
400 2687
286 2684
1122 2348
2030 2600
745 2112
139 2314
102 1676
691 1776
337 1116
272 1922
1368 1386
1509 2282
14 2503
340 769
1357 1553
1423 2117
752 2103
1032 2552
819 1840
588 1075
1039 2200
60 2502
1495 1685
332 791
2514 2675
117 1372
350 1016
458 1387
768 1077
201 2695
889 1158
257 2057
571 1906
1078 2445
934 1185
1968 2157
1408 2314
38 2636
785 825
860 1969
131 1158
389 2675
1235 1273
1086 1713
666 1259
1123 2403
1092 1629
1465 1868
2094 2527
309 1935
359 567
3 111
261 482
665 1226
14 1297
324 568
331 1443
270 364
139 1992
941 1142
857 2351
1259 2002
503 1142
271 1114
2306 2430
1127 1689
705 814
695 2262
936 1195
514 1288
735 1681
387 795
242 1275
783 880
1048 1073
2476 2552
205 2041
238 1935
1258 2111
1111 2483
1384 2611
2082 2661
249 2081
800 900
964 1864
48 779
1597 2537
233 774
1211 2244
2228 2596
1810 2471
442 1734
1693 1873
482 2538
634 1846
865 1257
335 2522
1442 2494
959 2020
174 2288
299 2401
774 1746
786 2455
479 741
1426 1481
1024 2306
759 804
1008 2413
928 1346
336 2331
987 2326
634 1987
1811 2410
1198 2142
2144 2358
386 2407
238 2171
980 1824
1572 1636
716 2575
1487 1680
204 1922
855 2307
372 1891
1862 2088
389 2029
1494 1756
499 1968
528 567
633 2100
1191 2255
450 2100
576 1722
822 1125
336 675
499 2175
1933 2414
925 1337
414 1274
637 1517
798 1580
1091 2063
309 628
121 843
1618 1845
168 1872
540 1775
1717 1835
1834 2254
432 1300
305 544
957 1244
520 1880
783 1190
1141 1497
1579 1647
677 1073
881 1046
1562 2320
410 2015
1763 2000
1094 1337
14 812
609 1421
637 1076
1404 1902
1018 2496
635 2009
240 465
54 175
594 1748
14 948
690 1728
1550 1597
1881 2367
409 668
1794 2676
806 1304
833 2119
882 979
458 1743
60 2276
1825 2610
573 1164
204 1551
520 2665
1576 2230
650 983
902 2536
853 2464
1072 1522
1220 2545
769 2199
622 2165
326 2081
998 1015
737 1264
840 1064
617 1477
203 390
1188 2393
459 1506
650 2305
1549 2156
914 2594
1304 1719
713 1075
1256 1617
594 1064
388 582
1575 2013
637 835
1113 1692
1085 2431
302 2651
2067 2199
1938 1959
1371 2048
181 2630
237 1746
1549 2417
1141 1195
189 1241
65 1988
64 1467
169 2226
2375 2469
1470 1499
1574 2086
1062 2554
1293 1612
2408 2503
1536 2526
581 2324
172 191
2045 2047
532 667
279 1349
924 2452
1328 2304
1380 1908
1139 1869
1785 2221
312 1210
693 2546
117 2601
1466 1555
2455 2532
695 1219
384 1527
834 1632
588 598
596 993
771 2220
725 1813
1756 2389
1255 2008
237 1823
1114 2469
1631 1726
492 1094
582 1271
304 520
859 1688
1328 1654
584 2600
781 2302
1436 1893
561 1635
178 1048
422 870
878 1226
272 1694
8 2170
1872 2579
26 447
1936 2516
1121 2370
135 2128
151 2151
461 1484
575 861
998 1696
295 1158
418 2255
122 2510
55 383
1341 2362
609 2488
232 2425
628 851
375 1358
831 1995
1356 2494
813 2007
156 1254
181 234
229 426
42 1059
1464 1759
1974 2503
1637 2587
615 1283
825 2337
377 1312
1003 2140
477 1734
2030 2491
205 2281
178 1958
1141 1282
1415 2590
898 1643
1483 1794
514 1544
455 1795
2209 2612
198 1951
114 1377
447 907
778 878
519 2336
76 432
707 2576
631 1927
1627 2613
361 2516
52 636
305 2693
682 2671
354 1074
1307 2491
502 2695
713 984
1289 1704
935 2391
364 1540
1201 2160
506 2618
1701 1801
1198 2274
732 1042
343 1476
215 1429
1106 1836
2068 2620
372 1620
4 1813
751 2258
34 2620
311 1242
1246 2299
1331 1583
111 482
1522 2479
144 627
992 2234
94 1213
1912 2072
467 1159
1702 2040
606 1187
1860 2015
487 1382
628 1372
1540 1592
557 1156
1463 2631
962 1193
877 1362
1010 2490
1789 2282
784 2395
1092 1163
1040 1661
715 1337
170 1013
644 2279
663 2407
2296 2354
1112 1403
1336 2317
254 1362
1775 1964
725 2614
439 1439
411 1032
134 156
746 1329
1057 1435
146 1228
756 1411
386 1382
833 1920
606 1866
288 1128
1177 1246
931 2452
2079 2337
1098 1579
1242 2046
338 1726
246 742
795 2687
1513 2509
1908 2320
658 1487
1020 1636
991 1449
678 2035
352 1651
819 2116
470 1905
978 1585
1378 2546
41 2020
351 2679
143 1482
29 597
358 2294
194 2508
445 739
467 1415
40 85
88 2453
252 1172
1069 2241
1428 2029
662 666
623 960
208 1624
963 1570
512 2128
1926 2249
913 2141
567 2177
499 1407
526 1390
1187 2138
191 255
1259 2478
1294 1978
738 1748
2224 2532
109 1380
1406 1857
537 562
140 2411
823 1467
75 1072
1135 1241
193 1746
1018 1537
1234 1491
1605 1865
76 2510
1700 2360
801 1231
579 1529
2171 2193
1011 1559
909 1118
1174 1987
460 2298
523 836
1036 1837
361 1476
1354 2037
107 1473
1236 1652
228 740
174 1672
597 1108
546 2499
818 1728
1271 2537
1136 1522
566 1426
310 2209
719 2489
668 1067
169 2292
1809 2581
76 2618
1468 2193
1980 2358
1059 1475
1657 1953
584 1040
1036 2259
1086 1490
1353 1830
107 2581
715 2037
1445 1532
230 1710
2180 2196
438 2024
1797 2200
158 780
1252 1591
519 1165
998 1719
176 768
1020 1482
1226 1516
1423 2278
1929 1948
182 885
1301 1545
2287 2598
1210 2000
626 2555
1744 2345
76 1841
1039 2043
404 1473
1259 2145
456 2325
277 2614
1603 2466
666 2414
257 1838
670 1801
320 1703
694 1163
1177 1424
2354 2442
834 1933
183 693
601 2306
1474 2177
646 2407
1513 1648
2552 2682
294 463
417 1578
143 955
1242 2033
31 219
908 1247
1912 2274
1213 2235
377 534
1101 2684
1641 2234
548 2227
533 2589
101 1587
215 1576
214 2303
545 2588
142 1848
1642 2673
69 1147
1247 1515
436 1017
1430 2463
647 2279
700 1675
542 2566
631 1200
747 2576
1674 2033
419 694
269 1004
1809 2606
1095 2399
311 668
664 2538
1813 2060
606 1395
1802 2235
1750 1857
240 1430
44 831
723 1755
1585 2537
1607 2167
132 1586
44 2158
560 1268
908 1668
567 1974
1217 1625
332 2578
441 1827
1066 1232
2127 2526
395 1846
1042 2103
428 2459
1112 1844
199 1795
597 1694
1065 1131
980 2705
729 734
1531 1872
857 2112
13 386
888 1895
2540 2552
48 1644
2088 2522
740 1809
1194 1428
15 2059
920 2472
639 1547
1599 1767
1052 1494
220 1011
964 1346
67 2242
714 1365
1827 2414
2178 2185
1991 2028
2262 2486
122 2279
2 2067
372 2405
30 1299
1410 2508
95 1549
68 156
765 785
1455 2177
264 1160
1065 1139
2249 2353
375 1743
92 731
1911 2527
1398 1492
598 908
102 1215
437 1439
22 2307
363 1011
1492 2294
381 1174
1637 2662
329 854
135 175
4 2068
417 1739
1264 1423
2084 2704
354 432
649 706
1065 1636
161 1633
6 425
1230 2500
413 1435
412 2184
384 1701
575 1244
552 1399
272 2478
513 1340
66 1549
1341 1594
1564 2298
117 2312
355 584
939 2507
1521 2129
936 2197
1779 2416
747 1794
551 1483
256 2376
1436 1777
875 2516
1710 2412
1692 2250
1096 2606
2363 2657
963 1269
12 2252
2 552
338 1697
275 2644
579 1797
321 580
1754 2453
540 1906
167 2631
521 997
677 1834
690 1263
501 1130
290 812
1475 1537
1609 1807
2611 2671
504 1971
1053 1896
2153 2166
471 1784
1130 1984
1247 1720
1342 1476
1739 2235
1081 2335
877 1780
203 471
209 872
8 1314
245 484
462 861
789 2445
448 1908
107 461
315 1574
1466 2045
132 598
257 1183
518 2047
363 1324
432 2302
879 2662
349 2558
1143 1338
1438 1888
343 2631
33 1593
1415 1731
1430 1873
2082 2592
242 370
1701 2051
191 2428
1383 1674
1470 2362
1228 1528
1390 1446
701 1279
2329 2383
1488 2613
33 907
886 1090
668 2132
1056 1785
1453 2553
726 1284
384 1815
1704 2221
1726 2450
544 1112
897 2094
2311 2615
620 1648
133 2619
1808 2326
1789 2471
473 1632
862 2420
542 1905
1059 2646
2021 2591
1426 1753
816 2590
413 2561
937 1336
67 280
1735 2243
1053 2172
1911 2708
168 2355
1481 1909
1061 1420
352 1035
724 2197
1155 1332
900 1625
538 1789
218 2610
104 2570
47 2242
282 2657
90 2489
1627 2095
2000 2357
1048 1418
1705 2002
337 1125
1131 2427
472 1899
1084 2184
1273 1588
1475 1731
1128 1705
963 1996
1658 1953
351 944
201 1076
819 1286
1123 1493
545 2455
1250 2392
2352 2418
1819 2255
372 1521
525 1187
358 554
661 1410
263 1645
1696 2344
74 983
2557 2610
1656 2404
1063 1653
2002 2367
523 2545
1190 1840
647 1604
1634 2427
2032 2589
763 2278
1457 1574
1886 1941
1832 2115
316 2505
2070 2383
773 931
730 1325
1149 2201
2259 2274
878 1855
740 2474
934 943
609 2217
258 1784
409 2690
498 1849
1340 2416
587 2131
1830 2369
6 819
512 1336
498 1279
1492 1699
461 1182
1176 1327
627 1208
52 557
92 2160
2050 2564
41 2425
948 2580
1695 1785
513 1733
415 1278
1397 2554
1035 1389
70 1977
848 1245
2595 2646
1524 2181
1471 2287
1197 2336
349 809
441 2321
656 2570
171 384
1205 2212
359 901
236 734
313 2261
634 2295
1019 2473
1722 2280
1409 2174
1516 2082
1143 1977
651 1582
275 1934
84 2242
860 1733
1156 2220
1000 1502
56 1521
8 1244
1822 2340
481 2270
1501 2053
952 1969
1192 1614
1591 2153
138 2425
851 1610
854 923
596 1063
1448 2463
319 1704
111 1561
134 2500
167 1336
613 2218
459 869
951 1714
299 950
32 607
131 148
1245 1676
2108 2395
1586 2428
1453 1658
152 2519
20 486
1910 2089
145 1366
1458 1782
345 2144
85 2407
49 654
815 1093
2376 2540
1548 2604
306 2246
1485 2057
290 2041
1945 2415
1774 2562
1226 2234
1449 2092
1993 2595
1164 1484
1213 1926
2156 2285
1707 1737
1636 2567
612 2090
1441 1610
496 1389
2591 2610
1318 2142
572 585
965 2295
1723 2687
44 1059
749 1604
178 1314
620 2505
755 1107
1562 1678
664 2693
1382 1728
5 1458
668 1677
269 2095
924 2660
149 1085
959 1919
1202 1640
399 2343
114 2015
127 425
1657 2591
848 1081
1865 2056
956 2103
901 2382
931 1572
459 1429
13 905
1073 2036
785 1513
2203 2434
1866 1896
67 2375
938 2630
617 818
94 2510
588 1266
476 1606
1074 2365
836 1769
350 2515
414 2515
1348 2462
1770 2707
2234 2356
787 2226
86 1405
1891 2446
75 1969
956 1840
143 2174
396 2027
443 1601
2173 2616
36 2013
163 332
572 1868
882 1224
966 1732
579 1925
809 2451
86 1730
1746 1824
1042 2612
761 1951
12 2092
522 2536
964 2687
23 2030
216 2035
389 2562
947 1130
1557 2063
786 1386
891 1052
536 598
972 2325
595 1467
60 1175
1772 1896
1889 2558
1657 1816
1155 2194
1795 2499
371 1780
1054 1920
1172 2279
779 2229
260 1866
696 1860
1184 1356
908 931
33 1140
2406 2441
754 886
735 1085
1402 2494
656 1017
572 1431
174 1584
190 1583
1258 1911
245 1179
107 2098
1877 2679
2115 2675
760 1432
1658 2274
1065 1846
1284 2570
46 406
405 2477
1053 2011
72 234
1705 2273
589 2281
1608 2575
1307 1776
615 657
246 726
1888 2281
665 2305
819 2648
1055 1822
400 2433
357 1182
721 1554
495 2536
906 2343
444 1462
1224 2664
149 876
1960 2286
1258 1499
188 476
38 1421
1655 2339
1888 2372
1920 2471
94 173
716 1026
525 1693
1283 2363
767 1501
1143 2590
161 521
355 2610
371 2468
2026 2612
628 1585
110 1825
1100 1355
301 1262
278 700
2336 2505
846 875
470 2480
469 479
527 1592
986 2177
31 531
2002 2130
1534 2582
1315 2300
149 1768
370 2548
476 2483
1797 1985
24 2273
511 831
1273 1672
123 2373
1204 2608
1464 1680
77 2523
1411 1878
1845 2670
1212 1251
1368 2327
902 1066
865 1725
1136 2512
738 2432
7 979
381 382
1557 2549
154 711
493 1224
588 1770
48 2008
404 770
980 2372
667 2618
1349 2516
280 298
970 2684
851 2450
1198 1801
1271 1903
1665 2279
80 2311
58 2471
1466 2450
141 1491
97 443
1534 2489
606 1246
2075 2493
1942 2464
2627 2700
142 1284
470 2009
116 934
54 2430
1028 1755
1206 1248
37 1692
1861 2020
21 555
72 2540
1063 1156
559 2036
1637 2607
2613 2662
467 1081
561 1533
904 1890
1317 2570
677 759
113 880
1195 1821
827 2615
153 1712
52 121
825 1618
840 1465
1569 2576
151 1043
1513 2303
246 2008
498 968
5 92
154 726
173 2002
778 1366
851 867
800 1398
107 2506
1877 2595
461 1191
1083 1301
136 1035
437 1881
249 532
1494 2423
612 2373
735 1971
633 1541
41 1870
119 2108
614 2259
843 2115
512 1991
1275 2094
1706 2026
1509 2308
598 753
1367 1858
483 548
1694 2240
496 1488
205 226
379 1119
1980 2399
1441 2519
284 793
1830 2033
1795 2629
1763 2295
364 626
957 2347
1217 2049
2325 2584
541 1666
640 1286
686 1536
14 1149
508 1316
337 2652
1625 2682
1824 2372
2258 2456
404 1379
296 1223
558 1649
1847 2214
1002 2459
1370 1693
565 687
228 291
1393 2379
1252 1955
1249 1477
1841 2618
431 1650
48 1622
28 81
191 1661
694 1466
193 1469
320 1835
751 1976
723 2226
2114 2345
1808 2251
1087 1624
893 1965
918 1740
2188 2668
33 1876
1335 2145
1214 2562
1023 1066
687 808
314 2490
779 1966
1064 1490
945 2413
1929 1953
1009 2194
161 1500
225 732
351 2575
1878 1946
995 2449
1750 1864
17 2354
1679 2200
625 2034
1798 1959
1478 2607
344 722
353 1462
141 1324
182 1037
1076 2129
1247 1267
1533 2664
997 1475
315 1477
1942 2406
280 1214
2227 2324
692 1651
844 1671
589 1314
136 2627
257 1407
34 578
983 1909
898 2588
1945 2086
2427 2443
1865 2052
61 472
959 2674
1368 2047
40 2478
1469 2302
830 2536
549 1857
183 1502
1906 2287
688 1865
1129 2098
10 2114
470 1354
1732 2324
511 1477
1643 2661
298 1767
2040 2056
1319 2098
193 637
1 173
524 2512
2115 2146
647 1650
584 2185
247 606
199 1642
389 1655
666 1098
2594 2595
58 1317
677 766
1130 1780
1996 2419
258 1227
392 1319
981 1658
423 1317
1511 2368
208 1993
1203 2318
1089 1511
213 1475
2114 2490
1245 1414
666 2154
1726 2020
1279 2511
323 977
38 1676
1658 2399
74 2141
403 701
1038 1499
157 1147
118 1160
1116 2211
571 2343
237 702
1517 2038
1030 1947
1112 1144
1879 1965
439 2510
666 787
901 2014
150 1841
100 1609
1668 2227
2303 2608
975 2580
413 2193
309 1401
1068 1548
1703 2425
603 1617
1668 2697
1657 2039
1086 1882
644 1833
1275 2560
2086 2232
110 2005
513 804
1198 2656
1228 1568
280 1783
753 1691
1054 2416
3 41
228 1285
1011 2048
788 1015
164 1024
629 711
1229 2259
2372 2411
788 982
2288 2466
230 439
821 1679
1113 1694
919 1852
79 1356
424 970
2180 2199
2369 2545
688 2667
2413 2487
54 1338
474 1394
5 1867
1272 1996
1139 1318
198 479
730 2362
89 2247
1608 2635
578 2600
233 1686
2018 2452
426 585
1631 2251
943 2635
2115 2479
270 587
510 1112
812 2435
2499 2575
2160 2508
278 639
51 335
1313 2560
1935 2439
763 1561
1241 2608
659 2371
151 265
1513 2652
90 147
1274 1774
1401 2708
293 1060
35 1038
1424 2581
1158 1529
553 1429
1597 2674
1617 1940
1337 1649
121 340
835 2225
243 2180
2058 2560
701 709
522 2689
1090 2367
318 1677
568 2158
1829 2180
223 2438
1798 1880
1707 2377
170 2580
1239 1919
27 495
1538 2276
560 1566
1340 1739
659 2551
448 792
321 790
1045 2426
113 2068
1461 2668
1381 2496
2315 2545
522 1228
650 711
188 1075
1072 1403
884 1621
1207 2328
660 2394
94 671
232 633
969 1409
572 2269
759 1496
1266 1581
666 1359
38 796
326 2375
129 2468
79 1313
1112 2662
231 2131
1215 2130
752 1519
160 1836
1043 2476
401 1369
437 780
1045 2268
197 303
619 2020
1129 2047
856 1753
2200 2611
94 2297
75 2277
788 1511
1018 1966
705 982
51 828
31 952
1487 1897
2259 2499
188 2031
541 1099
963 1394
800 1666
260 2377
1198 2100
2379 2472
1248 1798
589 2681
1626 2255
588 1173
111 1361
2352 2421
1210 1670
1591 2630
1477 2188
325 767
176 297
400 2346
1399 2397
620 931
1325 1491
445 952
57 1873
485 706
456 2245
1618 2308
507 1162
512 801
2217 2341
767 1948
47 1086
1182 1652
658 1278
892 931
984 1934
928 1783
1007 2642
545 2429
1116 1165
2506 2598
726 2275
1744 1764
1495 1887
1324 2020
1168 1696
535 2316
1547 1727
86 371
1427 2356
1385 2036
16 2022
188 1256
1144 1664
1925 2015
74 912
1653 1884
581 1920
2365 2578
315 659
804 976
1898 2094
243 2538
1198 1274
547 1740
1198 1367
1632 2311
1380 2494
101 2442
1770 2317
254 987
1022 1848
2344 2462
766 1253
386 1083
1848 2081
444 1008
474 992
826 2469
63 1969
645 747
1397 1840
1536 2337
1586 2240
673 1636
2327 2393
900 2134
1335 2414
685 1877
1132 2693
824 1056
1703 2414
48 1140
336 828
307 718
2447 2466
867 2629
1692 2184
991 1509
331 2658
1680 1822
1587 2693
981 2410
537 663
664 1025
1763 2607
128 2001
920 1881
408 1016
290 2127
942 2002
1193 1456
293 2610
1633 1872
391 2530
2331 2617
215 2306
895 2223
755 1278
2193 2582
475 2644
792 2040
528 1750
2115 2512
119 1375
1995 2208
56 1202
1075 2371
1763 1840
1250 1791
1227 1447
1096 1606
600 1155
619 1236
535 1618
473 1797
1371 2337
132 1655
1255 1798
1158 1419
61 452
899 2509
1331 1882
1453 1851
1705 1795
1080 2554
1606 1836
1450 2305
784 986
297 435
2079 2329
324 1563
1021 2441
532 2059
1093 1331
1041 1494
1574 1877
1548 2659
784 849
846 1642
221 495
2162 2245
2474 2613
212 2115
419 2221
323 1665
1556 2343
1665 2635
615 2449
221 865
1105 1479
1101 1592
565 1811
697 2485
1023 1535
1728 2109
1654 2296
423 488
1040 1785
248 2036
2070 2501
728 2514
2114 2431
508 2541
2059 2165
1362 2604
1055 2560
23 729
1697 2142
881 1322
773 1244
473 1702
184 847
1802 2028
170 742
369 1078
1086 2243
2462 2606
354 459
2300 2644
550 1348
1461 2116
1003 1781
630 1027
509 2391
936 1197
372 2568
399 672
61 315
1276 1346
822 1444
1085 1162
393 2147
1520 1847
1071 1123
1048 1126
1200 2560
451 811
2392 2531
1479 1996
146 1012
1237 1317
176 2357
707 2527
525 2091
275 1232
360 2663
1920 2566
1311 2212
1455 1678
912 1490
24 145
38 2182
16 622
2085 2500
1994 2292
1539 1839
394 1287
632 2336
262 2219
890 2655
1560 2298
400 2652
94 326
1206 1716
980 1524
280 2254
769 2536
1054 1960
228 2597
1576 2566
2126 2378
443 1386
1517 1811
370 1192
676 2099
81 1136
541 1297
508 1391
1692 2083
866 1952
1440 1882
1398 2481
1311 1697
499 1908
784 1535
1601 2134
1674 2503
935 1043
1 2293
627 2300
106 1384
1142 1770
970 2293
1706 1924
260 377
748 1006
99 1113
951 1605
1711 2553
2371 2484
1572 2626
225 2601
1067 2231
919 984
949 2600
925 1894
472 2047
415 832
133 318
547 1791
2036 2130
441 1937
1191 1705
200 1220
111 2570
1580 2541
11 1324
1114 1210
560 2422
1822 2337
979 1708
1941 2293
858 942
596 2630
2020 2089
264 928
437 2180
316 1445
1001 2540
658 1984
1183 1662
561 932
107 2147
1022 1063
813 1244
1345 1634
158 1559
952 2012
2556 2580
1670 2226
467 2327
1342 2456
322 1273
346 1722
207 1015
1912 2618
231 355
961 1829
972 1000
575 1150
2167 2441
818 1779
1051 1831
709 1239
61 299
1236 1393
464 2090
67 1462
454 2254
462 1209
268 1235
1895 2108
664 1958
134 1017
138 852
655 1242
1797 1836
715 1691
451 992
175 1842
68 1739
729 1558
1494 1622
120 1856
1925 2001
358 471
934 1873
1485 1538
1659 2688
1121 1910
1213 1781
17 1208
383 499
382 988
243 1196
1716 2141
174 1539
1615 1936
658 1561
660 1280
1762 2354
1071 1548
1729 2564
1172 1260
991 1160
432 2146
1106 1133
398 2509
1074 1781
90 817
580 1514
13 1636
1230 1972
301 1304
470 2321
1471 2479
472 927
4 1734
1042 2489
626 1316
407 2215
151 691
243 697
1624 2563
1137 1238
951 2509
375 1600
732 1255
360 1755
208 734
523 1891
410 1555
1179 1602
1300 2442
1746 2091
856 1654
804 1217
1780 2471
140 2413
474 921
1498 1714
534 569
1453 1576
1009 1097
629 2429
286 1820
448 693
1227 1539
213 585
1452 1756
681 2333
316 2272
2600 2683
2548 2619
1339 1429
790 2678
1264 2521
1108 2178
80 322
1377 1406
1158 2162
1454 2299
401 435
92 1604
406 707
1226 2448
1316 1569
765 1415
651 918
1081 1352
330 522
1042 2568
1666 2119
337 1226
1440 2167
2415 2426
297 1580
40 2466
1474 1933
1090 1822
1258 1625
137 1069
138 281
267 1054
1749 2356
1458 1530
2156 2453
1038 1777
1352 1544
207 1698
1381 2095
146 1151
432 2687
95 2185
174 1414
6 544
399 2281
52 1333
1131 1264
1220 2654
1035 1650
287 484
59 1652
1201 2328
583 2334
190 1679
744 1083
897 2217
724 1826
463 1847
262 2026
1047 1951
936 1253
213 1295
357 1971
1113 1860
521 1977
613 2358
125 256
1521 1798
692 1460
324 2017
512 1514
578 867
843 2541
173 2425
395 1224
114 625
74 1382
984 2548
53 458
391 1609
54 1141
129 2508
80 334
605 1209
676 1395
415 1704
420 1746
877 1872
1361 2279
1281 1819
2035 2693
2035 2132
409 1283
364 1055
35 1355
97 2152
76 2242
1227 1698
260 2157
116 1427
1227 2056
828 855
172 1603
642 739
763 836
457 2254
134 1832
2506 2541
1524 1605
1066 2684
149 1373
730 1623
1062 1877
41 1171
1940 2418
568 2329
1352 2230
234 2654
1254 1738
1698 1777
1833 1911
60 541
1037 1044
506 800
138 539
776 2382
295 2449
1833 2406
613 1102
783 1838
447 651
2357 2511
1387 2014
2496 2544
255 2610
861 1127
59 1980
1119 2371
602 1298
2440 2455
234 351
334 874
572 1315
1860 2222
276 359
201 2474
778 2341
1725 1848
1572 1924
1210 1289
400 855
133 2025
265 2172
459 833
860 1807
1121 2308
531 2207
1877 2271
1208 2659
689 2468
1740 2565
1248 1977
143 723
1293 1923
1717 2269
2463 2672
2376 2670
90 834
373 666
485 2506
948 1115
1941 2596
169 458
404 2238
219 2048
402 1648
2300 2606
1356 2129
454 934
2009 2458
1227 2597
79 998
893 2386
1557 1849
634 741
295 641
547 1140
594 734
2250 2587
1001 2124
119 1093
1148 2553
302 1339
1069 2161
907 1084
1515 2376
1103 2243
1841 2420
788 2494
2242 2295
32 68
2084 2539
157 1215
1195 1519
1668 1768
926 1927
720 2323
2176 2678
375 1229
720 2043
1627 2251
312 733
1150 2234
545 615
147 340
32 2176
297 546
811 1695
231 2157
918 1193
866 1433
554 894
425 547
12 2261
2447 2610
139 992
2142 2491
1335 2553
1454 2551
120 1159
99 2560
70 1272
844 1031
1305 2108
1074 1138
1031 2392
661 1051
922 2247
802 1968
627 2022
1022 2514
541 1598
1827 2624
335 1298
1107 1639
1314 2517
502 2070
1077 2519
495 2394
21 1198
494 1733
428 1966
181 551
1315 2255
847 1075
632 1865
621 1991
733 1419
2045 2077
2216 2382
886 1107
2011 2085
1357 1769
805 2606
1254 2435
1528 1549
257 1134
2144 2333
2202 2457
1355 1467
247 1040
9 2616
1104 2242
327 1409
638 2315
2316 2324
785 908
222 1882
2 1484
298 1015
1305 2458
1596 1908
1039 1418
778 2287
469 733
2167 2200
848 1986
2527 2564
1241 1397
1106 1893
972 1862
1230 1589
205 2040
1048 2526
1398 1516
4 1657
325 1590
174 1647
515 1912
670 2450
231 2124
447 919
1011 2590
68 154
2337 2467
6 2447
169 836
575 2319
769 1652
1665 2302
271 1657
47 2081
143 419
21 2080
1876 1969
1266 1281
313 2428
1174 1228
718 1147
2167 2468
952 1094
458 1913
236 2270
1606 2077
543 867
214 2501
782 1142
266 993
265 2674
1244 1398
418 503
996 2207
395 621
86 1250
104 744
1314 1364
603 1154
978 1876
1124 1911
1272 1968
238 1051
1214 1893
390 1376
300 1059
876 1534
2457 2635
550 1012
580 2172
1605 1731
805 1544
419 848
652 1797
289 661
2251 2634
1441 2561
1146 1343
300 1080
1319 1499
1381 2357
387 1664
685 1767
585 2232
330 1335
767 1583
649 1625
878 903
115 2497
264 1917
105 1341
472 1610
1015 2245
257 2430
1008 2536
586 2399
1216 2105
624 1311
1728 2245
1975 2187
236 1848
1677 1836
246 1033
104 1642
515 754
24 1301
129 214
1415 2398
779 1975
1113 2609
31 473
46 2238
176 498
889 1273
1072 2576
1016 2592
1076 1723
1899 2091
478 2531
2654 2676
804 986
2364 2393
587 1615
1204 1382
189 961
934 2443
319 1250
534 742
478 1912
332 802
1968 2432
1367 1409
1294 1581
509 921
1801 2325
658 1981
859 1340
828 1789
660 2297
1000 2442
1360 2440
226 706
256 2041
1590 1780
104 2565
1317 1606
1693 2298
134 2526
416 1256
1497 1707
697 1800
172 727
2285 2314
155 2271
635 1325
2626 2683
1491 2383
256 2537
1239 2270
2007 2661
1878 2052
1789 2220
215 1595
331 1971
403 1378
101 246
929 1405
999 1070
328 1645
882 1559
2519 2658
1407 2144
930 1541
649 2480
707 2148
1195 1564
576 1964
1741 2123
1266 1914
746 2032
191 761
1701 2452
1562 2617
533 1322
1684 2656
176 2377
1717 1733
817 1358
621 1489
1535 2157
1849 1906
1378 2484
895 2418
248 2196
885 1566
1337 2690
1015 1679
635 2649
2201 2310
111 914
29 1494
575 2424
1315 2258
1022 2303
726 2429
784 1359
2296 2456
271 889
2072 2487
100 2126
343 938
734 1134
727 1036
1146 1757
749 1004
323 481
938 2183
975 2052
228 1087
1222 1246
465 1112
410 699
1937 1953
925 2221
237 626
1454 2454
1807 2400
1047 1873
693 1215
1027 1043
2088 2227
378 1996
1600 2252
670 1964
1725 2273
1727 2295
507 1317
110 116
1485 2256
74 2314
1245 1298
102 1800
1022 1283
987 2571
426 1335
1869 1908
622 1687
760 1863
130 2335
2403 2501
80 829
776 1408
464 2459
1697 1798
907 1902
310 384
348 2354
489 526
115 1013
518 1195
1440 1804
564 1748
282 1179
261 1405
984 2027
1242 1245
389 2194
1963 2306
2367 2648
650 2240
1024 2356
339 835
1090 2581
118 1564
2158 2348
1988 2516
1870 2231
1258 2577
876 1619
299 1172
1666 2409
240 1362
1563 2576
1645 2596
1588 2103
977 2463
776 1465
1924 2025
943 2312
52 1231
2497 2708
212 1758
524 2680
1828 2570
2525 2686
1463 1532
187 2382
1574 1941
307 1868
2420 2446
863 1015
2253 2662
1213 2170
95 1337
1525 1907
476 2015
1142 1177
2360 2399
1299 2294
646 2100
626 2030
459 2171
188 2268
569 1500
1081 2628
700 921
435 1172
831 2395
991 2284
564 1903
173 229
835 2532
1369 1448
398 2360
969 1895
346 1066
2077 2611
279 458
510 900
1812 2369
958 2146
1103 2431
777 2474
1826 2252
2008 2433
1448 2199
1111 2548
1253 2328
415 2270
464 1111
912 2505
612 1267
2070 2247
838 2298
1635 2658
721 942
156 233
70 336
737 1275
1833 2537
1188 1736
982 2007
2226 2345
1068 2400
1653 2072
103 1709
392 1674
567 2331
1301 1405
143 1447
1099 2439
1282 2233
2175 2657
1781 2484
1182 1557
1026 1987
249 876
834 1135
246 2537
49 2162
796 2055
752 1646
1302 2062
68 2284
237 455
872 1952
1170 1443
295 1636
888 2069
695 1122
682 1767
425 1527
1525 2153
664 1832
444 2353
419 2445
816 2205
152 1417
156 1685
932 987
452 2303
2478 2517
617 1821
815 1905
173 1540
588 1550
1125 2444
2095 2369
478 2163
331 1253
680 2588
229 2483
858 1317
1364 2103
1059 1236
1178 1861
2267 2340
701 1628
354 1018
1543 1797
1336 1558
140 305
2115 2144
27 947
1626 1909
682 2165
107 1334
1394 1727
1909 2246
26 2661
829 2511
208 2572
1029 1448
354 899
1804 1852
219 1294
1842 1914
547 549
1549 2491
1220 1313
151 2625
1065 2300
1114 2004
319 2066
1330 1848
481 1154
3 1217
464 845
310 1837
554 1154
430 1494
1563 1893
16 2415
1221 1297
632 2187
262 2084
364 1587
699 2678
732 1624
287 604
765 2182
827 2696
1802 1896
201 1116
200 1671
2539 2620
1059 2332
583 1488
721 2340
364 2577
1023 1858
1142 2043
211 1143
412 2203
2269 2472
1585 2316
2031 2194
574 631
573 1524
1019 2251
1476 1757
802 2063
1548 1741
1404 1595
884 899
1792 2643
1579 2394
1372 2570
1395 1404
2148 2587
690 1220
1266 1694
1133 1364
903 2303
1558 1926
138 620
706 972
748 917
848 2341
244 907
951 2647
1449 1904
1094 2613
747 1554
61 1673
522 2532
440 626
1134 1318
620 2400
1706 2637
467 2413
784 955
2253 2304
2131 2500
575 836
704 1900
35 79
127 996
492 605
1763 2166
20 2185
1238 2544
95 1685
1491 1862
1872 2628
84 2570
175 213
1393 2242
333 2017
2506 2630
559 1700
1860 2334
233 964
2551 2592
1558 2299
961 2046
1898 2336
346 1664
279 2601
77 1965
272 555
1254 1371
1299 1845
408 876
370 1847
905 1502
925 2073
1710 2176
386 2034
238 883
3 1103
1263 1347
108 686
123 848
1135 1473
690 1981
1426 1777
243 1726
304 1355
949 1887
406 2230
1421 2062
771 1419
189 440
497 1578
461 764
989 1756
18 375
230 528
1171 1933
2188 2523
1051 1452
877 1964
1826 2196
692 1354
2253 2479
1942 2514
115 630
1807 1909
520 2284
622 1900
988 2476
1271 2040
1620 2092
75 798
790 2427
696 1179
1010 1577
140 690
312 1714
540 872
794 1458
160 1237
1130 1823
1690 2114
1311 1758
468 2127
1189 2124
1308 1711
504 2405
1940 2274
400 1027
1908 1917
816 1184
1363 1744
173 406
987 1204
9 944
318 986
857 1662
277 1206
967 1026
41 506
768 1686
1811 2232
261 2527
372 1746
1901 2409
1544 1976
7 1462
567 1002
2174 2544
1832 2446
1739 2403
663 2491
246 650
685 1419
229 1586
942 1160
1625 1893
807 2144
51 782
484 1138
1885 2592
649 701
1743 2665
572 2102
528 711
1227 2234
1323 1382
29 2448
1596 1867
774 2210
2031 2487
810 2132
788 1813
1749 2663
1520 2115
782 1732
1380 1539
281 1057
1275 1431
1648 2193
650 2497
2490 2617
445 1445
663 2452
1276 1280
72 767
1069 2488
2299 2570
1122 2130
1216 1575
1097 1755
448 2457
421 1554
2200 2569
652 2308
311 2068
199 824
880 2643
319 523
498 2565
1091 2245
338 1511
911 1115
414 1993
853 1306
204 1249
328 2224
1357 1678
996 1285
498 936
977 2691
1212 2351
565 2416
645 2098
213 1730
8 1265
571 1394
310 1364
2462 2591
644 2468
1260 2659
257 1299
963 1423
400 2007
25 1185
1424 2210
